2.286000072136521233e+00
2.286000072136521233e+00
2.286000072136521233e+00
2.295000049993396019e+00
2.295000049993396019e+00
2.393000061810016454e+00
2.393000061810016454e+00
2.393000061810016454e+00
2.393000061810016454e+00
2.393000061810016454e+00
2.393000061810016454e+00
2.393000061810016454e+00
2.393000061810016454e+00
2.393000061810016454e+00
2.578000041618943250e+00
2.578000041618943250e+00
2.583000036850571668e+00
2.684000036492943941e+00
2.885000044628977633e+00
2.885000044628977633e+00
2.920000035613775413e+00
3.066000028699636282e+00
3.066000028699636282e+00
3.066000028699636282e+00
3.066000028699636282e+00
3.066000028699636282e+00
3.066000028699636282e+00
3.154000081643462128e+00
3.253000096902251226e+00
3.471000120788812815e+00
3.471000120788812815e+00
3.471000120788812815e+00
3.557000109851360392e+00
3.638000114858150447e+00
3.932000106275081563e+00
4.031000090539455627e+00
4.316000088900327825e+00
4.421000084131955887e+00
4.421000084131955887e+00
4.434000034779310262e+00
4.606000023484230432e+00
4.704999999627471396e+00
4.817999999746680473e+00
4.968999995216726973e+00
5.027000016644596947e+00
5.310999981835484718e+00
5.310999981835484718e+00
5.310999981835484718e+00
5.310999981835484718e+00
5.310999981835484718e+00
5.310999981835484718e+00
5.310999981835484718e+00
5.310999981835484718e+00
5.314000071361660638e+00
5.399000063762068535e+00
5.399000063762068535e+00
5.667000039443373716e+00
5.720000033602118172e+00
5.742000057920813916e+00
5.928000042662024072e+00
5.983000020012259057e+00
6.166000002846121930e+00
6.166000002846121930e+00
6.166000002846121930e+00
6.166000002846121930e+00
6.466999980211258325e+00
6.483999980986117961e+00
6.483999980986117961e+00
6.483999980986117961e+00
6.562999961674213623e+00
6.723999945223331665e+00
6.737999977171421406e+00
7.026999973356724105e+00
7.220999992191791783e+00
7.220999992191791783e+00
7.220999992191791783e+00
7.220999992191791783e+00
7.220999992191791783e+00
7.391000049114227366e+00
7.391000049114227366e+00
7.512000014781952117e+00
7.519999997615814280e+00
7.799999941587447694e+00
7.891999891996383631e+00
7.891999891996383631e+00
7.891999891996383631e+00
7.891999891996383631e+00
7.891999891996383631e+00
7.891999891996383631e+00
7.949999809265136719e+00
7.949999809265136719e+00
7.949999809265136719e+00
7.949999809265136719e+00
7.949999809265136719e+00
7.949999809265136719e+00
8.049999896287918233e+00
8.049999896287918233e+00
8.049999896287918233e+00
8.049999896287918233e+00
8.049999896287918233e+00
8.049999896287918233e+00
8.049999896287918233e+00
8.049999896287918233e+00
8.049999896287918233e+00
8.516999834775925038e+00
8.516999834775925038e+00
8.674999822378158143e+00
8.924999839067458751e+00
9.254999830722809406e+00
9.468999822139739564e+00
9.790999797582626840e+00
9.864999831914902373e+00
9.983999826908110720e+00
1.021499981641769494e+01
1.021499981641769494e+01
1.021499981641769494e+01
1.021499981641769494e+01
1.021499981641769494e+01
1.021499981641769494e+01
1.021499981641769494e+01
1.021499981641769494e+01
1.021499981641769494e+01
1.037499982118606567e+01
1.037499982118606567e+01
1.037499982118606567e+01
1.064399974226951606e+01
1.094999971389770543e+01
1.129699972629547133e+01
1.129699972629547133e+01
1.129699972629547133e+01
1.147799971640110073e+01
1.159299972116947153e+01
1.159299972116947153e+01
1.163199973881244631e+01
1.196599970161914861e+01
1.196599970161914861e+01
1.196599970161914861e+01
1.196599970161914861e+01
1.196599970161914861e+01
1.196599970161914861e+01
1.196599970161914861e+01
1.197799955844879172e+01
1.205199954271316543e+01
1.216399957895279016e+01
1.216399957895279016e+01
1.216399957895279016e+01
1.239399962067604122e+01
1.239399962067604122e+01
1.239399962067604122e+01
1.239399962067604122e+01
1.239399962067604122e+01
1.239399962067604122e+01
1.239399962067604122e+01
1.239399962067604122e+01
1.239399962067604122e+01
1.239399962067604122e+01
1.239399962067604122e+01
1.239399962067604122e+01
1.239399962067604122e+01
1.239399962067604122e+01
1.239399962067604122e+01
1.239399962067604122e+01
1.239399962067604122e+01
1.239399962067604122e+01
1.239399962067604122e+01
1.239399962067604122e+01
1.239399962067604122e+01
1.239399962067604122e+01
1.239399962067604122e+01
1.239399962067604122e+01
1.239399962067604122e+01
1.245999960422515862e+01
1.257999964237213142e+01
1.276299962520599429e+01
1.276299962520599429e+01
1.276299962520599429e+01
1.276299962520599429e+01
1.276299962520599429e+01
1.276299962520599429e+01
1.277499954223632805e+01
1.297599936008453447e+01
1.297599936008453447e+01
1.297599936008453447e+01
1.297599936008453447e+01
1.297599936008453447e+01
1.297599936008453447e+01
1.318499930381774909e+01
1.324499948978424158e+01
1.349699946403503503e+01
1.349699946403503503e+01
1.349699946403503503e+01
1.349699946403503503e+01
1.349699946403503503e+01
1.349699946403503503e+01
1.366099955081939754e+01
1.366099955081939754e+01
1.366099955081939754e+01
1.366099955081939754e+01
1.366099955081939754e+01
1.366099955081939754e+01
1.366099955081939754e+01
1.366099955081939754e+01
1.369999959468841588e+01
1.369999959468841588e+01
1.369999959468841588e+01
1.369999959468841588e+01
1.369999959468841588e+01
1.369999959468841588e+01
1.369999959468841588e+01
1.369999959468841588e+01
1.369999959468841588e+01
1.369999959468841588e+01
1.369999959468841588e+01
1.370399961948394818e+01
1.388099961757659884e+01
1.388099961757659884e+01
1.388099961757659884e+01
1.409099952220916663e+01
1.409099952220916663e+01
1.422799952507019050e+01
1.422799952507019050e+01
1.422799952507019050e+01
1.422799952507019050e+01
1.422799952507019050e+01
1.422799952507019050e+01
1.422799952507019050e+01
1.422799952507019050e+01
1.422799952507019050e+01
1.422799952507019050e+01
1.422799952507019050e+01
1.422799952507019050e+01
1.422799952507019050e+01
1.422799952507019050e+01
1.422799952507019050e+01
1.422799952507019050e+01
1.422799952507019050e+01
1.422799952507019050e+01
1.422799952507019050e+01
1.422799952507019050e+01
1.444699954271316500e+01
1.448699950456619234e+01
1.448699950456619234e+01
1.448699950456619234e+01
1.448699950456619234e+01
1.448699950456619234e+01
1.448699950456619234e+01
1.448699950456619234e+01
1.454299952507019000e+01
1.483199950218200769e+01
1.483199950218200769e+01
1.483199950218200769e+01
1.483199950218200769e+01
1.505999957561492941e+01
1.510299956798553467e+01
1.538199959754943791e+01
1.579699956417083762e+01
1.579699956417083762e+01
1.598599950313568030e+01
1.598599950313568030e+01
1.598599950313568030e+01
1.598599950313568030e+01
1.598599950313568030e+01
1.598599950313568030e+01
1.598599950313568030e+01
1.598599950313568030e+01
1.598599950313568030e+01
1.598599950313568030e+01
1.598599950313568030e+01
1.598599950313568030e+01
1.598599950313568030e+01
1.598599950313568030e+01
1.598599950313568030e+01
1.598599950313568030e+01
1.598599950313568030e+01
1.598599950313568030e+01
1.598599950313568030e+01
1.598599950313568030e+01
1.598599950313568030e+01
1.598599950313568030e+01
1.598599950313568030e+01
1.598599950313568030e+01
1.598599950313568030e+01
1.598599950313568030e+01
1.598599950313568030e+01
1.598599950313568030e+01
1.598599950313568030e+01
1.598599950313568030e+01
1.598599950313568030e+01
1.598599950313568030e+01
1.598599950313568030e+01
1.598599950313568030e+01
1.598599950313568030e+01
1.598599950313568030e+01
1.600299956798553325e+01
1.600299956798553325e+01
1.600299956798553325e+01
1.636699957847595144e+01
1.650499958515167265e+01
1.650499958515167265e+01
1.652199947834014893e+01
1.685499947071075511e+01
1.699299944400787510e+01
1.699299944400787510e+01
1.699299944400787510e+01
1.699299944400787510e+01
1.699299944400787510e+01
1.699299944400787510e+01
1.699299944400787510e+01
1.699299944400787510e+01
1.699299944400787510e+01
1.699299944400787510e+01
1.699299944400787510e+01
1.699299944400787510e+01
1.699299944400787510e+01
1.699299944400787510e+01
1.699299944400787510e+01
1.699299944400787510e+01
1.699299944400787510e+01
1.699299944400787510e+01
1.699299944400787510e+01
1.701999938011169533e+01
1.701999938011169533e+01
1.701999938011169533e+01
1.701999938011169533e+01
1.701999938011169533e+01
1.701999938011169533e+01
1.701999938011169533e+01
1.703399943828582863e+01
1.703399943828582863e+01
1.703399943828582863e+01
1.703399943828582863e+01
1.703399943828582863e+01
1.703399943828582863e+01
1.703399943828582863e+01
1.703399943828582863e+01
1.703399943828582863e+01
1.703399943828582863e+01
1.703399943828582863e+01
1.741899930000305119e+01
1.785499934196472083e+01
1.785499934196472083e+01
1.785499934196472083e+01
1.785499934196472083e+01
1.785499934196472083e+01
1.785499934196472083e+01
1.815199927330017005e+01
1.818399926185607995e+01
1.831999928474426298e+01
1.841099927902221722e+01
1.841099927902221722e+01
1.841099927902221722e+01
1.841099927902221722e+01
1.853599939346313619e+01
1.853599939346313619e+01
1.853599939346313619e+01
1.853599939346313619e+01
1.853599939346313619e+01
1.853599939346313619e+01
1.853599939346313619e+01
1.853599939346313619e+01
1.853599939346313619e+01
1.853599939346313619e+01
1.853599939346313619e+01
1.853599939346313619e+01
1.853599939346313619e+01
1.853599939346313619e+01
1.867899936676025519e+01
1.867899936676025519e+01
1.867899936676025519e+01
1.878299933791160470e+01
1.878299933791160470e+01
1.878299933791160470e+01
1.878299933791160470e+01
1.878299933791160470e+01
1.878299933791160470e+01
1.878299933791160470e+01
1.878299933791160470e+01
1.878299933791160470e+01
1.878299933791160470e+01
1.878299933791160470e+01
1.878299933791160470e+01
1.878299933791160470e+01
1.878299933791160470e+01
1.878299933791160470e+01
1.878299933791160470e+01
1.878299933791160470e+01
1.878299933791160470e+01
1.878299933791160470e+01
1.878299933791160470e+01
1.878299933791160470e+01
1.878299933791160470e+01
1.878299933791160470e+01
1.878299933791160470e+01
1.878299933791160470e+01
1.878299933791160470e+01
1.878299933791160470e+01
1.878299933791160470e+01
1.878299933791160470e+01
1.878299933791160470e+01
1.878299933791160470e+01
1.878299933791160470e+01
1.878299933791160470e+01
1.878299933791160470e+01
1.878299933791160470e+01
1.878299933791160470e+01
1.878299933791160470e+01
1.878299933791160470e+01
1.878299933791160470e+01
1.878299933791160470e+01
1.878299933791160470e+01
1.878299933791160470e+01
1.878299933791160470e+01
1.878299933791160470e+01
1.878299933791160470e+01
1.878299933791160470e+01
1.878299933791160470e+01
1.878299933791160470e+01
1.878299933791160470e+01
1.878299933791160470e+01
1.878299933791160470e+01
1.878299933791160470e+01
1.878299933791160470e+01
1.878299933791160470e+01
1.878299933791160470e+01
1.878299933791160470e+01
1.879799943923950067e+01
1.886999946117401095e+01
1.886999946117401095e+01
1.892099946022033663e+01
1.906299944877624597e+01
1.906299944877624597e+01
1.906299944877624597e+01
1.906299944877624597e+01
1.906299944877624597e+01
1.906299944877624597e+01
1.906299944877624597e+01
1.906299944877624597e+01
1.906299944877624597e+01
1.906299944877624597e+01
1.906299944877624597e+01
1.906299944877624597e+01
1.906299944877624597e+01
1.906299944877624597e+01
1.906299944877624597e+01
1.906299944877624597e+01
1.906299944877624597e+01
1.906299944877624597e+01
1.906299944877624597e+01
1.906299944877624597e+01
1.906299944877624597e+01
1.906299944877624597e+01
1.906299944877624597e+01
1.906299944877624597e+01
1.906299944877624597e+01
1.906299944877624597e+01
1.906299944877624597e+01
1.906299944877624597e+01
1.906299944877624597e+01
1.906299944877624597e+01
1.906299944877624597e+01
1.906299944877624597e+01
1.906299944877624597e+01
1.906299944877624597e+01
1.906299944877624597e+01
1.906299944877624597e+01
1.906299944877624597e+01
1.906299944877624597e+01
1.906299944877624597e+01
1.906299944877624597e+01
1.906299944877624597e+01
1.906299944877624597e+01
1.906299944877624597e+01
1.906299944877624597e+01
1.907499937057495032e+01
1.907499937057495032e+01
1.914199941635131808e+01
1.914199941635131808e+01
1.914199941635131808e+01
1.914199941635131808e+01
1.914199941635131808e+01
1.914199941635131808e+01
1.914199941635131808e+01
1.914199941635131808e+01
1.914199941635131808e+01
1.914199941635131808e+01
1.914199941635131808e+01
1.914199941635131808e+01
1.914199941635131808e+01
1.914199941635131808e+01
1.914199941635131808e+01
1.914199941635131808e+01
1.914199941635131808e+01
1.914199941635131808e+01
1.914199941635131808e+01
1.914199941635131808e+01
1.914199941635131808e+01
1.914199941635131808e+01
1.914199941635131808e+01
1.914199941635131808e+01
1.914199941635131808e+01
1.914199941635131808e+01
1.914199941635131808e+01
1.914199941635131808e+01
1.914199941635131808e+01
1.914199941635131808e+01
1.914199941635131808e+01
1.914199941635131808e+01
1.914199941635131808e+01
1.914199941635131808e+01
1.914199941635131808e+01
1.918899935245513788e+01
1.918899935245513788e+01
1.918899935245513788e+01
1.918899935245513788e+01
1.918899935245513788e+01
1.918899935245513788e+01
1.918899935245513788e+01
1.918899935245513788e+01
1.919999947071075397e+01
1.919999947071075397e+01
1.919999947071075397e+01
1.957599939823150592e+01
1.966899941921234074e+01
2.035699939727783203e+01
2.035699939727783203e+01
2.035699939727783203e+01
2.046699934959411493e+01
2.046699934959411493e+01
2.046699934959411493e+01
2.046699934959411493e+01
2.046699934959411493e+01
2.046699934959411493e+01
2.046699934959411493e+01
2.046699934959411493e+01
2.046699934959411493e+01
2.046699934959411493e+01
2.046699934959411493e+01
2.046699934959411493e+01
2.046699934959411493e+01
2.046699934959411493e+01
2.046699934959411493e+01
2.046699934959411493e+01
2.046699934959411493e+01
2.046699934959411493e+01
2.046699934959411493e+01
2.046699934959411493e+01
2.046699934959411493e+01
2.046699934959411493e+01
2.046699934959411493e+01
2.046699934959411493e+01
2.046699934959411493e+01
2.046699934959411493e+01
2.046699934959411493e+01
2.046699934959411493e+01
2.046699934959411493e+01
2.046699934959411493e+01
2.046699934959411493e+01
2.046699934959411493e+01
2.046699934959411493e+01
2.046699934959411493e+01
2.046699934959411493e+01
2.046699934959411493e+01
2.046699934959411493e+01
2.046699934959411493e+01
2.046699934959411493e+01
2.046699934959411493e+01
2.046699934959411493e+01
2.046699934959411493e+01
2.046699934959411493e+01
2.046699934959411493e+01
2.046699934959411493e+01
2.046699934959411493e+01
2.046699934959411493e+01
2.046699934959411493e+01
2.046699934959411493e+01
2.046699934959411493e+01
2.046699934959411493e+01
2.046699934959411493e+01
2.046699934959411493e+01
2.046699934959411493e+01
2.046699934959411493e+01
2.046699934959411493e+01
2.046699934959411493e+01
2.046699934959411493e+01
2.046699934959411493e+01
2.046699934959411493e+01
2.046699934959411493e+01
2.046699934959411493e+01
2.046699934959411493e+01
2.046699934959411493e+01
2.046699934959411493e+01
2.046699934959411493e+01
2.046699934959411493e+01
2.046699934959411493e+01
2.046699934959411493e+01
2.046699934959411493e+01
2.046699934959411493e+01
2.046699934959411493e+01
2.046699934959411493e+01
2.046699934959411493e+01
2.046699934959411493e+01
2.046699934959411493e+01
2.046699934959411493e+01
2.046699934959411493e+01
2.046699934959411493e+01
2.046699934959411493e+01
2.046699934959411493e+01
2.046699934959411493e+01
2.046699934959411493e+01
2.046699934959411493e+01
2.046699934959411493e+01
2.046699934959411493e+01
2.046699934959411493e+01
2.046699934959411493e+01
2.046699934959411493e+01
2.046699934959411493e+01
2.046699934959411493e+01
2.046699934959411493e+01
2.046699934959411493e+01
2.046699934959411493e+01
2.046699934959411493e+01
2.046699934959411493e+01
2.046699934959411493e+01
2.046699934959411493e+01
2.046699934959411493e+01
2.046699934959411493e+01
2.046699934959411493e+01
2.046699934959411493e+01
2.046699934959411493e+01
2.046699934959411493e+01
2.046699934959411493e+01
2.046699934959411493e+01
2.046699934959411493e+01
2.046699934959411493e+01
2.046699934959411493e+01
2.046699934959411493e+01
2.046699934959411493e+01
2.046699934959411493e+01
2.046699934959411493e+01
2.046699934959411493e+01
2.046699934959411493e+01
2.046699934959411493e+01
2.046699934959411493e+01
2.046699934959411493e+01
2.046699934959411493e+01
2.046699934959411493e+01
2.046699934959411493e+01
2.046699934959411493e+01
2.046699934959411493e+01
2.046699934959411493e+01
2.046699934959411493e+01
2.046699934959411493e+01
2.046699934959411493e+01
2.046699934959411493e+01
2.046699934959411493e+01
2.046699934959411493e+01
2.046699934959411493e+01
2.046699934959411493e+01
2.046699934959411493e+01
2.046699934959411493e+01
2.046699934959411493e+01
2.046699934959411493e+01
2.046699934959411493e+01
2.046699934959411493e+01
2.046699934959411493e+01
2.046699934959411493e+01
2.046699934959411493e+01
2.046699934959411493e+01
2.046699934959411493e+01
2.046699934959411493e+01
2.046699934959411493e+01
2.046699934959411493e+01
2.046699934959411493e+01
2.046699934959411493e+01
2.046699934959411493e+01
2.046699934959411493e+01
2.046699934959411493e+01
2.046699934959411493e+01
2.046699934959411493e+01
2.046699934959411493e+01
2.046699934959411493e+01
2.046699934959411493e+01
2.046699934959411493e+01
2.046699934959411493e+01
2.046699934959411493e+01
2.046699934959411493e+01
2.046699934959411493e+01
2.046699934959411493e+01
2.046699934959411493e+01
2.046699934959411493e+01
2.046699934959411493e+01
2.046699934959411493e+01
2.046699934959411493e+01
2.046699934959411493e+01
2.046699934959411493e+01
2.046699934959411493e+01
2.046699934959411493e+01
2.046699934959411493e+01
2.046699934959411493e+01
2.046699934959411493e+01
2.046699934959411493e+01
2.046699934959411493e+01
2.046699934959411493e+01
2.046699934959411493e+01
2.046699934959411493e+01
2.046699934959411493e+01
2.046699934959411493e+01
2.046699934959411493e+01
2.046699934959411493e+01
2.046699934959411493e+01
2.046699934959411493e+01
2.046699934959411493e+01
2.046699934959411493e+01
2.046699934959411493e+01
2.046699934959411493e+01
2.046699934959411493e+01
2.046699934959411493e+01
2.046699934959411493e+01
2.046699934959411493e+01
2.046699934959411493e+01
2.046699934959411493e+01
2.046699934959411493e+01
2.046699934959411493e+01
2.046699934959411493e+01
2.046699934959411493e+01
2.046699934959411493e+01
2.046699934959411493e+01
2.046699934959411493e+01
2.046699934959411493e+01
2.046699934959411493e+01
2.046699934959411493e+01
2.046699934959411493e+01
2.046699934959411493e+01
2.046699934959411493e+01
2.046699934959411493e+01
2.046699934959411493e+01
2.046699934959411493e+01
2.046699934959411493e+01
2.046699934959411493e+01
2.046699934959411493e+01
2.046699934959411493e+01
2.046699934959411493e+01
2.046699934959411493e+01
2.046699934959411493e+01
2.046699934959411493e+01
2.046699934959411493e+01
2.046699934959411493e+01
2.046699934959411493e+01
2.046699934959411493e+01
2.046699934959411493e+01
2.046699934959411493e+01
2.046699934959411493e+01
2.046699934959411493e+01
2.046699934959411493e+01
2.046699934959411493e+01
2.046699934959411493e+01
2.046699934959411493e+01
2.046699934959411493e+01
2.046699934959411493e+01
2.046699934959411493e+01
2.046699934959411493e+01
2.046699934959411493e+01
2.046699934959411493e+01
2.046699934959411493e+01
2.046699934959411493e+01
2.046699934959411493e+01
2.046699934959411493e+01
2.046699934959411493e+01
2.046699934959411493e+01
2.046699934959411493e+01
2.046699934959411493e+01
2.046699934959411493e+01
2.046699934959411493e+01
2.046699934959411493e+01
2.046699934959411493e+01
2.046699934959411493e+01
2.046699934959411493e+01
2.046699934959411493e+01
2.046699934959411493e+01
2.046699934959411493e+01
2.046699934959411493e+01
2.046699934959411493e+01
2.046699934959411493e+01
2.046699934959411493e+01
2.046699934959411493e+01
2.046699934959411493e+01
2.046699934959411493e+01
2.046699934959411493e+01
2.046699934959411493e+01
2.046699934959411493e+01
2.046699934959411493e+01
2.046699934959411493e+01
2.046699934959411493e+01
2.046699934959411493e+01
2.072899943828582892e+01
2.072899943828582892e+01
2.072899943828582892e+01
2.072899943828582892e+01
2.072899943828582892e+01
2.072899943828582892e+01
2.072899943828582892e+01
2.072899943828582892e+01
2.072899943828582892e+01
2.072899943828582892e+01
2.072899943828582892e+01
2.072899943828582892e+01
2.072899943828582892e+01
2.072899943828582892e+01
2.072899943828582892e+01
2.072899943828582892e+01
2.072899943828582892e+01
2.072899943828582892e+01
2.072899943828582892e+01
2.072899943828582892e+01
2.072899943828582892e+01
2.072899943828582892e+01
2.072899943828582892e+01
2.072899943828582892e+01
2.072899943828582892e+01
2.072899943828582892e+01
2.072899943828582892e+01
2.072899943828582892e+01
2.072899943828582892e+01
2.072899943828582892e+01
2.072899943828582892e+01
2.072899943828582892e+01
2.072899943828582892e+01
2.072899943828582892e+01
2.072899943828582892e+01
2.072899943828582892e+01
2.072899943828582892e+01
2.072899943828582892e+01
2.072899943828582892e+01
2.072899943828582892e+01
2.072899943828582892e+01
2.072899943828582892e+01
2.072899943828582892e+01
2.072899943828582892e+01
2.072899943828582892e+01
2.072899943828582892e+01
2.072899943828582892e+01
2.072899943828582892e+01
2.072899943828582892e+01
2.072899943828582892e+01
2.072899943828582892e+01
2.072899943828582892e+01
2.072899943828582892e+01
2.072899943828582892e+01
2.072899943828582892e+01
2.072899943828582892e+01
2.072899943828582892e+01
2.072899943828582892e+01
2.072899943828582892e+01
2.072899943828582892e+01
2.072899943828582892e+01
2.072899943828582892e+01
2.072899943828582892e+01
2.072899943828582892e+01
2.072899943828582892e+01
2.072899943828582892e+01
2.100399944305419808e+01
2.100399944305419808e+01
2.100399944305419808e+01
2.100399944305419808e+01
2.100399944305419808e+01
2.100399944305419808e+01
2.100399944305419808e+01
2.100399944305419808e+01
2.100399944305419808e+01
2.100399944305419808e+01
2.100399944305419808e+01
2.100399944305419808e+01
2.100399944305419808e+01
2.100399944305419808e+01
2.100399944305419808e+01
2.100399944305419808e+01
2.100399944305419808e+01
2.100399944305419808e+01
2.100399944305419808e+01
2.100399944305419808e+01
2.100399944305419808e+01
2.100399944305419808e+01
2.100399944305419808e+01
2.100399944305419808e+01
2.100399944305419808e+01
2.100399944305419808e+01
2.100399944305419808e+01
2.121699949264526452e+01
2.126999945640563894e+01
2.126999945640563894e+01
2.126999945640563894e+01
2.126999945640563894e+01
2.126999945640563894e+01
2.126999945640563894e+01
2.126999945640563894e+01
2.126999945640563894e+01
2.126999945640563894e+01
2.126999945640563894e+01
2.126999945640563894e+01
2.126999945640563894e+01
2.126999945640563894e+01
2.126999945640563894e+01
2.126999945640563894e+01
2.126999945640563894e+01
2.126999945640563894e+01
2.126999945640563894e+01
2.126999945640563894e+01
2.126999945640563894e+01
2.126999945640563894e+01
2.126999945640563894e+01
2.126999945640563894e+01
2.126999945640563894e+01
2.126999945640563894e+01
2.126999945640563894e+01
2.126999945640563894e+01
2.126999945640563894e+01
2.126999945640563894e+01
2.126999945640563894e+01
2.126999945640563894e+01
2.126999945640563894e+01
2.126999945640563894e+01
2.126999945640563894e+01
2.126999945640563894e+01
2.126999945640563894e+01
2.126999945640563894e+01
2.126999945640563894e+01
2.126999945640563894e+01
2.126999945640563894e+01
2.126999945640563894e+01
2.126999945640563894e+01
2.126999945640563894e+01
2.126999945640563894e+01
2.126999945640563894e+01
2.126999945640563894e+01
2.126999945640563894e+01
2.126999945640563894e+01
2.126999945640563894e+01
2.126999945640563894e+01
2.126999945640563894e+01
2.126999945640563894e+01
2.126999945640563894e+01
2.126999945640563894e+01
2.126999945640563894e+01
2.126999945640563894e+01
2.126999945640563894e+01
2.126999945640563894e+01
2.126999945640563894e+01
2.126999945640563894e+01
2.126999945640563894e+01
2.126999945640563894e+01
2.126999945640563894e+01
2.126999945640563894e+01
2.126999945640563894e+01
2.126999945640563894e+01
2.126999945640563894e+01
2.126999945640563894e+01
2.126999945640563894e+01
2.126999945640563894e+01
2.126999945640563894e+01
2.126999945640563894e+01
2.126999945640563894e+01
2.126999945640563894e+01
2.126999945640563894e+01
2.126999945640563894e+01
2.126999945640563894e+01
2.126999945640563894e+01
2.126999945640563894e+01
2.126999945640563894e+01
2.126999945640563894e+01
2.126999945640563894e+01
2.126999945640563894e+01
2.126999945640563894e+01
2.126999945640563894e+01
2.126999945640563894e+01
2.126999945640563894e+01
2.126999945640563894e+01
2.126999945640563894e+01
2.126999945640563894e+01
2.126999945640563894e+01
2.126999945640563894e+01
2.126999945640563894e+01
2.126999945640563894e+01
2.126999945640563894e+01
2.126999945640563894e+01
2.126999945640563894e+01
2.126999945640563894e+01
2.126999945640563894e+01
2.126999945640563894e+01
2.126999945640563894e+01
2.126999945640563894e+01
2.126999945640563894e+01
2.126999945640563894e+01
2.126999945640563894e+01
2.126999945640563894e+01
2.126999945640563894e+01
2.126999945640563894e+01
2.126999945640563894e+01
2.126999945640563894e+01
2.126999945640563894e+01
2.126999945640563894e+01
2.126999945640563894e+01
2.126999945640563894e+01
2.126999945640563894e+01
2.126999945640563894e+01
2.126999945640563894e+01
2.126999945640563894e+01
2.126999945640563894e+01
2.126999945640563894e+01
2.126999945640563894e+01
2.126999945640563894e+01
2.126999945640563894e+01
2.126999945640563894e+01
2.126999945640563894e+01
2.126999945640563894e+01
2.126999945640563894e+01
2.126999945640563894e+01
2.126999945640563894e+01
2.126999945640563894e+01
2.126999945640563894e+01
2.126999945640563894e+01
2.126999945640563894e+01
2.126999945640563894e+01
2.126999945640563894e+01
2.126999945640563894e+01
2.126999945640563894e+01
2.126999945640563894e+01
2.126999945640563894e+01
2.126999945640563894e+01
2.126999945640563894e+01
2.126999945640563894e+01
2.126999945640563894e+01
2.126999945640563894e+01
2.126999945640563894e+01
2.126999945640563894e+01
2.126999945640563894e+01
2.126999945640563894e+01
2.126999945640563894e+01
2.126999945640563894e+01
2.126999945640563894e+01
2.126999945640563894e+01
2.126999945640563894e+01
2.126999945640563894e+01
2.126999945640563894e+01
2.126999945640563894e+01
2.126999945640563894e+01
2.126999945640563894e+01
2.126999945640563894e+01
2.126999945640563894e+01
2.126999945640563894e+01
2.126999945640563894e+01
2.126999945640563894e+01
2.126999945640563894e+01
2.126999945640563894e+01
2.126999945640563894e+01
2.126999945640563894e+01
2.126999945640563894e+01
2.126999945640563894e+01
2.126999945640563894e+01
2.126999945640563894e+01
2.126999945640563894e+01
2.126999945640563894e+01
2.126999945640563894e+01
2.126999945640563894e+01
2.126999945640563894e+01
2.126999945640563894e+01
2.126999945640563894e+01
2.126999945640563894e+01
2.126999945640563894e+01
2.126999945640563894e+01
2.126999945640563894e+01
2.126999945640563894e+01
2.126999945640563894e+01
2.126999945640563894e+01
2.126999945640563894e+01
2.126999945640563894e+01
2.126999945640563894e+01
2.126999945640563894e+01
2.126999945640563894e+01
2.126999945640563894e+01
2.126999945640563894e+01
2.126999945640563894e+01
2.126999945640563894e+01
2.126999945640563894e+01
2.126999945640563894e+01
2.126999945640563894e+01
2.126999945640563894e+01
2.126999945640563894e+01
2.126999945640563894e+01
2.126999945640563894e+01
2.126999945640563894e+01
2.126999945640563894e+01
2.126999945640563894e+01
2.126999945640563894e+01
2.126999945640563894e+01
2.126999945640563894e+01
2.126999945640563894e+01
2.126999945640563894e+01
2.126999945640563894e+01
2.126999945640563894e+01
2.126999945640563894e+01
2.126999945640563894e+01
2.126999945640563894e+01
2.126999945640563894e+01
2.126999945640563894e+01
2.126999945640563894e+01
2.126999945640563894e+01
2.126999945640563894e+01
2.126999945640563894e+01
2.126999945640563894e+01
2.126999945640563894e+01
2.126999945640563894e+01
2.126999945640563894e+01
2.126999945640563894e+01
2.126999945640563894e+01
2.126999945640563894e+01
2.126999945640563894e+01
2.126999945640563894e+01
2.126999945640563894e+01
2.126999945640563894e+01
2.126999945640563894e+01
2.126999945640563894e+01
2.126999945640563894e+01
2.126999945640563894e+01
2.126999945640563894e+01
2.126999945640563894e+01
2.126999945640563894e+01
2.126999945640563894e+01
2.126999945640563894e+01
2.126999945640563894e+01
2.126999945640563894e+01
2.126999945640563894e+01
2.126999945640563894e+01
2.126999945640563894e+01
2.126999945640563894e+01
2.126999945640563894e+01
2.126999945640563894e+01
2.126999945640563894e+01
2.126999945640563894e+01
2.126999945640563894e+01
2.126999945640563894e+01
2.126999945640563894e+01
2.126999945640563894e+01
2.126999945640563894e+01
2.126999945640563894e+01
2.126999945640563894e+01
2.126999945640563894e+01
2.126999945640563894e+01
2.126999945640563894e+01
2.126999945640563894e+01
2.126999945640563894e+01
2.126999945640563894e+01
2.126999945640563894e+01
2.126999945640563894e+01
2.126999945640563894e+01
2.126999945640563894e+01
2.126999945640563894e+01
2.126999945640563894e+01
2.126999945640563894e+01
2.126999945640563894e+01
2.126999945640563894e+01
2.126999945640563894e+01
2.126999945640563894e+01
2.126999945640563894e+01
2.126999945640563894e+01
2.126999945640563894e+01
2.126999945640563894e+01
2.126999945640563894e+01
2.126999945640563894e+01
2.126999945640563894e+01
2.126999945640563894e+01
2.126999945640563894e+01
2.126999945640563894e+01
2.126999945640563894e+01
2.126999945640563894e+01
2.126999945640563894e+01
