2.286000072136521233e+00
2.232000061571598248e+00
2.186000042855739789e+00
2.295000049993396019e+00
2.275000063106417780e+00
2.393000061810016454e+00
2.227000062391161883e+00
2.042000049650669169e+00
2.061000051051378179e+00
1.999000042229890806e+00
2.125000062957405955e+00
2.188000059500336825e+00
2.350000074282288409e+00
2.364000070467591197e+00
2.578000041618943250e+00
2.404000037908553988e+00
2.583000036850571668e+00
2.684000036492943941e+00
2.885000044628977633e+00
2.878000044450163664e+00
2.920000035613775413e+00
3.066000028699636282e+00
3.010000042170286161e+00
3.050000042542815315e+00
2.854000057801604484e+00
2.973000065684318738e+00
2.939000066146254753e+00
3.154000081643462128e+00
3.253000096902251226e+00
3.471000120788812815e+00
3.455000128448009633e+00
3.446000146567821609e+00
3.557000109851360392e+00
3.638000114858150447e+00
3.932000106275081563e+00
4.031000090539455627e+00
4.316000088900327825e+00
4.421000084131955887e+00
4.386000073403120147e+00
4.434000034779310262e+00
4.606000023484230432e+00
4.704999999627471396e+00
4.817999999746680473e+00
4.968999995216726973e+00
5.027000016644596947e+00
5.310999981835484718e+00
5.175000003054737618e+00
5.114999996498227119e+00
5.191999981477856352e+00
4.984000004604459022e+00
5.198000032976270113e+00
5.146000040844082690e+00
5.256000044196843746e+00
5.314000071361660638e+00
5.399000063762068535e+00
5.392000066861510454e+00
5.667000039443373716e+00
5.720000033602118172e+00
5.742000057920813916e+00
5.928000042662024072e+00
5.983000020012259057e+00
6.166000002846121930e+00
6.095000015720724917e+00
5.936999994516372503e+00
6.134999971389770934e+00
6.466999980211258325e+00
6.483999980986117961e+00
6.338999978601932206e+00
6.386999949514866159e+00
6.562999961674213623e+00
6.723999945223331665e+00
6.737999977171421406e+00
7.026999973356724105e+00
7.220999992191791783e+00
6.953000061810016952e+00
6.964000009596348129e+00
7.153999991416931437e+00
7.151000010967254461e+00
7.391000049114227366e+00
7.318000047206878911e+00
7.512000014781952117e+00
7.519999997615814280e+00
7.799999941587447694e+00
7.891999891996383631e+00
7.655999866724013891e+00
7.732999891042709351e+00
7.666999912261962535e+00
7.802999880313873149e+00
7.818999807834625670e+00
7.949999809265136719e+00
7.848999845981597723e+00
7.760999865531921671e+00
7.565999913215637029e+00
7.572999935150146911e+00
7.732999922037124385e+00
8.049999896287918233e+00
7.930999895334243988e+00
7.775999860763549876e+00
7.853999896049499441e+00
7.883999900817871165e+00
7.783999902009964167e+00
7.964999870061874709e+00
8.015999844074249481e+00
8.035999839305878467e+00
8.516999834775925038e+00
8.430999840497969799e+00
8.674999822378158143e+00
8.924999839067458751e+00
9.254999830722809406e+00
9.468999822139739564e+00
9.790999797582626840e+00
9.864999831914902373e+00
9.983999826908110720e+00
1.021499981641769494e+01
1.016499981641769423e+01
1.005499986290931780e+01
1.010099988460540743e+01
9.987999863624573038e+00
1.007299987792968743e+01
1.006099987506866533e+01
9.822999887466430380e+00
9.880999855995177938e+00
1.037499982118606567e+01
1.003399981260299612e+01
1.028499977350234929e+01
1.064399974226951606e+01
1.094999971389770543e+01
1.129699972629547133e+01
1.122599968492984779e+01
1.118299973070621434e+01
1.147799971640110073e+01
1.159299972116947153e+01
1.151499971687793789e+01
1.163199973881244631e+01
1.196599970161914861e+01
1.175899966537952501e+01
1.141299968183040647e+01
1.153199966847896540e+01
1.182999965548515320e+01
1.169699961662292509e+01
1.170199957847595229e+01
1.197799955844879172e+01
1.205199954271316543e+01
1.216399957895279016e+01
1.209399963617324758e+01
1.205599965810775842e+01
1.239399962067604122e+01
1.176899963021278417e+01
1.197099957108497570e+01
1.225399959564209063e+01
1.212999962568283152e+01
1.192899965047836375e+01
1.176799967527389512e+01
1.176899962186813298e+01
1.148499964714050314e+01
1.168399961948394861e+01
1.181599961757659933e+01
1.192699963092803905e+01
1.180699968814849932e+01
1.144399968624114905e+01
1.133599965810775778e+01
1.138299962282180822e+01
1.110699960470199521e+01
1.116199964284896851e+01
1.153199960231781063e+01
1.169399960517883308e+01
1.169399959564209013e+01
1.176699957370758121e+01
1.207399951934814375e+01
1.209199955463409459e+01
1.225599958419799762e+01
1.245999960422515862e+01
1.257999964237213142e+01
1.276299962520599429e+01
1.270599959373474164e+01
1.272099960803985574e+01
1.258999964237213121e+01
1.266599949359893884e+01
1.254099952697753828e+01
1.277499954223632805e+01
1.297599936008453447e+01
1.265099935531616282e+01
1.274899934291839543e+01
1.250699935913085881e+01
1.262899938106536801e+01
1.271399936676025355e+01
1.318499930381774909e+01
1.324499948978424158e+01
1.349699946403503503e+01
1.305599946498870878e+01
1.304599958896636913e+01
1.315299957752227833e+01
1.308299960136413631e+01
1.349299954891204756e+01
1.366099955081939754e+01
1.365799951553344727e+01
1.337999955654144202e+01
1.306799964904785227e+01
1.294699969768524106e+01
1.334599966049194286e+01
1.342099965572357156e+01
1.346799966812133853e+01
1.369999959468841588e+01
1.330599965095520076e+01
1.290199965000152638e+01
1.283499968051910400e+01
1.304199963569641163e+01
1.304699958801269588e+01
1.324399954795837431e+01
1.313299957752227698e+01
1.321299957752227705e+01
1.359099954128265431e+01
1.325799962520599351e+01
1.370399961948394818e+01
1.388099961757659884e+01
1.361099965572357107e+01
1.380199958801269489e+01
1.409099952220916663e+01
1.387999955177307143e+01
1.422799952507019050e+01
1.418099957942962597e+01
1.387999958515167265e+01
1.419999958515167293e+01
1.410199954509735143e+01
1.396999950408935476e+01
1.400199946403503404e+01
1.413799947261810352e+01
1.390699959754943826e+01
1.383499956607818682e+01
1.338099957466125467e+01
1.350399956226348941e+01
1.375199955224990767e+01
1.384999951601028378e+01
1.396899953126907334e+01
1.408599958658218299e+01
1.398999959230422974e+01
1.381699960947036665e+01
1.392999957799911570e+01
1.417899955987930305e+01
1.444699954271316500e+01
1.448699950456619234e+01
1.423499951601028357e+01
1.447799950122833224e+01
1.442899949550628591e+01
1.407699947357177805e+01
1.416599947452545116e+01
1.441999947547912519e+01
1.454299952507019000e+01
1.483199950218200769e+01
1.480599951267242353e+01
1.462999955177307143e+01
1.480299956321716337e+01
1.505999957561492941e+01
1.510299956798553467e+01
1.538199959754943791e+01
1.579699956417083762e+01
1.565599953174591086e+01
1.598599950313568030e+01
1.575299951076507554e+01
1.552399952888488777e+01
1.551799952030181906e+01
1.551799952030181906e+01
1.523199948787689273e+01
1.528399946212768512e+01
1.537799948692321728e+01
1.507499950885772755e+01
1.507099954128265296e+01
1.506499951839447071e+01
1.501699955463409353e+01
1.534499954223632834e+01
1.562599954128265445e+01
1.547199956417083655e+01
1.574599957942962725e+01
1.544099958896637048e+01
1.527399960041046079e+01
1.577599959850311251e+01
1.575599956989288408e+01
1.561299958229064977e+01
1.585199955940246497e+01
1.580499958038330099e+01
1.578099958658218327e+01
1.558899957895278909e+01
1.469299962759017930e+01
1.505899964094161980e+01
1.523099959135055492e+01
1.523099958181381197e+01
1.491499959707260103e+01
1.482999961137771550e+01
1.484899962663650541e+01
1.496299964666366655e+01
1.485399964332580502e+01
1.484199965476989824e+01
1.563199963092803912e+01
1.600299956798553325e+01
1.596099957942962710e+01
1.592499958038330021e+01
1.636699957847595144e+01
1.650499958515167265e+01
1.627499954700470042e+01
1.652199947834014893e+01
1.685499947071075511e+01
1.699299944400787510e+01
1.686299940109253015e+01
1.650599945068359276e+01
1.641899946212768668e+01
1.616899942398071133e+01
1.609499944686889705e+01
1.606099941253662067e+01
1.609299945831298828e+01
1.620799942970275964e+01
1.621099944114684988e+01
1.622299944877624611e+01
1.659699944972992114e+01
1.669099944591522089e+01
1.685899942874908319e+01
1.679799946784973130e+01
1.676399946212768555e+01
1.665999942779540888e+01
1.677699941635131964e+01
1.673499943733215289e+01
1.701999938011169533e+01
1.700399937629699565e+01
1.674099940299987921e+01
1.672299942016601548e+01
1.680399939537048226e+01
1.692999939918518137e+01
1.680299939155578670e+01
1.703399943828582863e+01
1.668199942111969136e+01
1.641799939632415928e+01
1.605199940204620290e+01
1.617699944972991943e+01
1.638599943637848000e+01
1.661999946117401095e+01
1.666699951648712030e+01
1.657199938297271657e+01
1.664099940776824837e+01
1.689299930572509822e+01
1.741899930000305119e+01
1.785499934196472083e+01
1.775899930000305105e+01
1.750799927711486959e+01
1.731799928665161303e+01
1.751099923133850211e+01
1.772299919128418111e+01
1.815199927330017005e+01
1.818399926185607995e+01
1.831999928474426298e+01
1.841099927902221722e+01
1.782199930191039883e+01
1.804199935913085895e+01
1.829799940109252887e+01
1.853599939346313619e+01
1.829599944114685073e+01
1.799299944400787510e+01
1.738999943733215403e+01
1.736699943542480540e+01
1.696999951362609949e+01
1.710399952888488784e+01
1.739799953460693516e+01
1.781299944877624597e+01
1.782199944019317783e+01
1.806399942874908504e+01
1.809199936389923025e+01
1.806999937534332190e+01
1.833099938392639316e+01
1.867899936676025519e+01
1.851699937224388037e+01
1.860399936079979000e+01
1.878299933791160470e+01
1.821099935889244037e+01
1.826399939417839136e+01
1.794499935984611483e+01
1.777099943041801566e+01
1.810099944472312927e+01
1.771999949336051827e+01
1.731799948573112502e+01
1.704199946284294143e+01
1.695799945354461613e+01
1.686899941921234003e+01
1.728699939250946116e+01
1.755899936199188360e+01
1.740399940013885427e+01
1.746299941539764333e+01
1.722399937152862393e+01
1.765299934387207159e+01
1.793499939918518038e+01
1.813499943733215503e+01
1.829099947452545294e+01
1.820299952030181956e+01
1.791099956035613872e+01
1.785199954509734965e+01
1.783799957752227883e+01
1.809499954700470070e+01
1.836799956798553524e+01
1.847999956607818461e+01
1.852999953746795825e+01
1.852199949741363483e+01
1.877099948883056513e+01
1.864999944686889677e+01
1.863899947166443027e+01
1.859399947881698623e+01
1.877699943304061847e+01
1.859099940061569356e+01
1.819699943304062018e+01
1.791699944257736377e+01
1.776099945783614942e+01
1.767999949216842737e+01
1.746299947500228811e+01
1.751899947881698694e+01
1.763399945020675830e+01
1.781399945259094153e+01
1.754199946403503318e+01
1.780299949645996094e+01
1.787399950027465678e+01
1.768099951744079590e+01
1.756999948501587028e+01
1.772799946784973102e+01
1.750599946022033748e+01
1.747499945640564079e+01
1.770599945068359204e+01
1.777099945068359332e+01
1.771799945831298828e+01
1.779599947929382253e+01
1.835499948501587042e+01
1.879799943923950067e+01
1.886999946117401095e+01
1.873399944782256910e+01
1.892099946022033663e+01
1.906299944877624597e+01
1.886299945831298785e+01
1.889199942588806280e+01
1.846399942606687716e+01
1.837699941843748164e+01
1.799599941462278352e+01
1.814199940890073748e+01
1.825399944037199162e+01
1.826099948137998652e+01
1.795199950426816926e+01
1.777499956339597631e+01
1.778699958056211372e+01
1.749799961775541135e+01
1.776099962711334257e+01
1.774099958896637119e+01
1.745899958133697538e+01
1.690499960422515713e+01
1.670999955654144387e+01
1.717699951171875128e+01
1.770699950695037828e+01
1.798199948787689095e+01
1.789499947071075425e+01
1.781999946594238438e+01
1.786699948310852193e+01
1.789099948883056612e+01
1.807499951362609991e+01
1.836099949836730971e+01
1.847499951362609849e+01
1.812299948692321649e+01
1.809799946784973201e+01
1.792599944114684973e+01
1.796299942970275865e+01
1.827899943351745549e+01
1.833199942588806053e+01
1.812099944114685002e+01
1.797899937629699707e+01
1.775199941635131751e+01
1.815699941635131864e+01
1.819599941253662223e+01
1.820199937820434499e+01
1.827599937438964872e+01
1.859299937248229995e+01
1.874599936485290641e+01
1.879099936485290456e+01
1.907499937057495032e+01
1.898999939918518010e+01
1.914199941635131808e+01
1.881999941825866784e+01
1.857899937629699849e+01
1.849299941062927388e+01
1.840799941062927303e+01
1.851899941444396802e+01
1.833599941253662280e+01
1.801199940681457434e+01
1.806099938392639004e+01
1.801399937629699721e+01
1.783499937534332247e+01
1.796299933910369973e+01
1.836699935436248765e+01
1.830799936771392922e+01
1.873599938869476489e+01
1.836899940967559886e+01
1.824699944019317499e+01
1.827399941921234117e+01
1.834399939060211082e+01
1.868299938678741512e+01
1.873599940299987665e+01
1.885199940681457420e+01
1.868099941253662166e+01
1.854099942207336582e+01
1.832399943351745719e+01
1.860099942207336454e+01
1.862099941253661939e+01
1.871999943256378174e+01
1.861399944782257165e+01
1.821499939441680738e+01
1.859199936389923025e+01
1.858999939441680738e+01
1.869299940586090258e+01
1.895999935626983657e+01
1.907099933147430448e+01
1.918899935245513788e+01
1.893599934101104765e+01
1.912499932289123450e+01
1.875199934482574449e+01
1.901399943828582906e+01
1.897099944591522203e+01
1.887599943637847844e+01
1.892199943065643453e+01
1.919999947071075397e+01
1.909199945926666331e+01
1.904099940776825051e+01
1.957599939823150592e+01
1.966899941921234074e+01
2.035699939727783203e+01
2.034999933242797709e+01
2.032099933624267507e+01
2.046699934959411493e+01
2.041499934196472310e+01
2.032799933433532757e+01
2.031099932670593233e+01
2.025699938774108944e+01
2.014699939727783118e+01
1.992699939727783232e+01
1.973399939537048198e+01
1.984399939537048496e+01
1.947099936485290428e+01
1.930999936103820858e+01
1.941499937057495018e+01
1.923399938583374080e+01
1.900199939727783160e+01
1.927799930572509624e+01
1.933899929046630817e+01
1.977299931526184196e+01
1.988699933052063074e+01
1.959599936485290428e+01
2.000599938392639032e+01
1.990599939823150777e+01
1.983199936389923224e+01
1.973099936008453525e+01
2.011099937915802016e+01
2.007399944782257251e+01
1.965899949073791575e+01
1.925699949264526367e+01
1.886899951934814368e+01
1.909799951553344854e+01
1.895099950790405430e+01
1.888499951362609863e+01
1.908899953365325786e+01
1.937999952793121494e+01
1.905399949550628591e+01
1.853099949359893728e+01
1.857999947547912711e+01
1.854399947166442786e+01
1.882699942588806152e+01
1.891399941444397115e+01
1.901599944114684959e+01
1.901999941825866713e+01
1.897799939155578741e+01
1.871699941635131736e+01
1.910699937820434613e+01
1.924099938392639331e+01
1.941299941062927203e+01
1.959199938774109029e+01
1.950899941444397001e+01
1.915099943161010643e+01
1.886899942874908476e+01
1.877299940586090088e+01
1.873299942493438763e+01
1.885599939823150706e+01
1.841599938869476460e+01
1.862699939250946102e+01
1.852199938297271586e+01
1.833399937152862691e+01
1.842299937725067238e+01
1.839999938488006492e+01
1.869799940109253100e+01
1.894199945449829059e+01
1.873299947738647475e+01
1.887399945259094380e+01
1.906899950027465707e+01
1.866899953365325970e+01
1.889699949741363483e+01
1.918099951267242531e+01
1.894199951648712243e+01
1.913299951076507455e+01
1.891499949932098446e+01
1.844999950885772577e+01
1.864399947643279987e+01
1.844999950885772577e+01
1.840599953174590908e+01
1.858399953842162944e+01
1.851099956512451072e+01
1.838799960136413603e+01
1.853099960327148565e+01
1.859999962806701745e+01
1.865899964332580652e+01
1.890999962806701618e+01
1.890099964141845845e+01
1.874399959564209084e+01
1.860199955940246497e+01
1.874999957084655833e+01
1.874699957847595044e+01
1.880699957847595272e+01
1.879199959754943805e+01
1.849599956512451016e+01
1.831199954032897992e+01
1.816799956321716181e+01
1.831399950027465806e+01
1.868899950981140279e+01
1.873099952697753778e+01
1.902499947547912740e+01
1.886999946594238153e+01
1.859299941539764234e+01
1.889699941158294649e+01
1.910999940395355168e+01
1.940699937343597270e+01
1.960099936962127742e+01
1.954799939632415828e+01
1.922399938106536865e+01
1.925799939632415914e+01
1.916099940776824795e+01
1.928699944972991887e+01
1.932599946022033777e+01
1.929099942207336582e+01
1.909999937534332304e+01
1.936399939060211040e+01
1.915399936199188247e+01
1.897199939727783047e+01
1.921999945163726764e+01
1.900699944972991773e+01
1.922599939823150805e+01
1.932599936962127529e+01
1.978899939060211111e+01
1.954099943637847758e+01
1.986599947452545223e+01
1.989499945640563894e+01
2.003099951744079732e+01
1.998399948596954445e+01
1.994799942016601690e+01
1.978899940490722642e+01
1.953099939346313363e+01
1.929899942874908447e+01
1.867899939060211167e+01
1.904999940395355296e+01
1.882699935436248850e+01
1.847399934291839685e+01
1.835499931812286434e+01
1.851999929904937758e+01
1.830099936962127671e+01
1.837699940204620219e+01
1.835799942493438763e+01
1.862299936294555636e+01
1.867299941062927360e+01
1.835799941062927232e+01
1.863599945068359531e+01
1.837499948501586999e+01
1.851999951362610020e+01
1.842399953842162930e+01
1.870699952125549359e+01
1.911699949264526310e+01
1.950499947547912427e+01
1.950399950981140051e+01
1.976999947547912484e+01
1.966799950599670410e+01
1.942399949073791632e+01
1.995499946594238239e+01
2.000099944114684902e+01
2.012899943351745691e+01
2.039699943542480298e+01
2.021099945068359460e+01
1.991199945449828945e+01
1.965699945449829045e+01
1.942199943542480511e+01
1.952899940967559900e+01
1.940199942111969023e+01
1.919499942302703843e+01
1.887799942016601662e+01
1.867699943542480412e+01
1.819499942302703843e+01
1.795999940395355310e+01
1.824399946212768597e+01
1.822799948692321692e+01
1.856099952697753963e+01
1.864299950122833138e+01
1.906399952411651455e+01
1.918199947834014907e+01
1.918799949645996250e+01
1.912499951362609707e+01
1.948999949932098374e+01
2.010499948024749628e+01
2.002499943733215204e+01
1.981399942398071445e+01
1.957899938583373967e+01
1.990399938583373896e+01
1.962499935150146513e+01
1.958099937438964844e+01
1.956099937915801945e+01
1.982599937915802002e+01
1.992499937534332233e+01
1.965999939441680766e+01
1.956699942111968937e+01
1.917999944686889791e+01
1.903999950408935504e+01
1.884799949645996264e+01
1.901099948883056712e+01
1.907099945068359403e+01
1.914299946308135958e+01
1.923799941539764546e+01
1.898099944591522359e+01
1.902199943065643239e+01
1.917199941158294507e+01
1.926499943256378344e+01
1.932199941635131779e+01
1.924299942016601506e+01
1.924499942779540973e+01
1.922099946975707851e+01
1.904799944877624540e+01
1.877199951171875014e+01
1.907299950599670524e+01
1.914299952507019142e+01
1.914799952507019043e+01
1.930599947929382409e+01
1.969899942398071246e+01
2.005699941635131722e+01
2.012499941825866756e+01
1.978799942493438735e+01
2.001599940776824837e+01
2.018999940395355353e+01
2.015299941539764461e+01
2.017599942684173442e+01
2.029299942493438635e+01
2.021199943065643367e+01
2.010099944114685044e+01
1.984499946594238295e+01
1.956799947738647560e+01
2.008599946498870992e+01
1.971099948406219582e+01
1.969499944210052433e+01
1.951299943447112994e+01
1.939299940586090187e+01
1.921299941539764333e+01
1.916399944782257236e+01
1.943599944114685130e+01
1.955499942779540845e+01
1.973799942970275723e+01
1.973299944877624412e+01
1.996799944877624355e+01
2.004999949455261188e+01
2.006899947166442999e+01
2.017799949645996094e+01
2.016599946022033762e+01
2.025399943351745691e+01
2.012699942588806223e+01
1.999499948024749685e+01
1.980999943256378160e+01
1.980199941158294763e+01
1.966699944019317670e+01
1.957699945449829215e+01
1.956599946975708093e+01
1.960999946594238352e+01
1.953899949073791475e+01
1.984199950218200570e+01
1.979899941444396916e+01
1.982099938869476219e+01
1.987999943256378188e+01
1.984299948692321891e+01
1.989399948120117045e+01
1.961799944400787510e+01
1.965699940204620333e+01
1.969499939441680780e+01
1.993299936771392922e+01
1.987899936199188389e+01
1.977499944210052618e+01
1.984099946498870892e+01
1.932099947810172935e+01
1.949699943900108323e+01
1.965799944281577893e+01
1.979099944472313055e+01
2.001599947333335905e+01
1.978999948859214797e+01
1.968799950003624133e+01
1.970499946951866121e+01
1.980099949717521568e+01
2.005499948382377795e+01
2.072899943828582892e+01
2.055299943447112909e+01
2.042299939632415828e+01
2.050799934864044261e+01
2.012899934768676857e+01
2.008799934387207031e+01
2.008799934387207031e+01
1.996699939727783146e+01
1.980699941158294664e+01
1.952899939060211310e+01
1.942499939441680823e+01
1.940199942111969023e+01
1.956699945926666118e+01
1.961199948787689351e+01
1.922399948120117230e+01
1.948099946975708008e+01
1.963699948310852150e+01
1.947199944496154700e+01
1.954499941825866571e+01
1.962299942016601406e+01
1.963299943923950153e+01
1.943599944114685130e+01
1.948999945640564135e+01
1.952299945831298800e+01
1.995499951362609892e+01
1.973999953269958496e+01
1.969099954605102454e+01
1.966999954223632940e+01
1.973899954795837530e+01
1.991899955749511619e+01
2.002399952888488599e+01
2.014499954223632727e+01
2.017099948883056726e+01
2.015199948310852207e+01
2.016799947738647347e+01
2.031499943733215474e+01
2.038699943542480497e+01
2.024199944972992071e+01
2.024799946308136001e+01
2.033199945926666175e+01
2.009899949550628762e+01
1.998499948024749884e+01
1.981699949741363653e+01
1.935599951267242602e+01
1.924699948787689152e+01
1.891099955558776813e+01
1.898599956512451215e+01
1.934899954319000415e+01
1.952099956989288287e+01
1.957899952411651512e+01
1.947199951648712002e+01
1.931199953556060933e+01
1.920999952793121324e+01
1.963999950885772705e+01
1.968999950885772776e+01
1.986899945259094125e+01
1.978199945449829045e+01
1.964099945068359432e+01
1.935599942207336355e+01
1.925499943733215247e+01
1.943599939346313477e+01
1.956299938201904354e+01
1.997399937629699807e+01
2.005299939155578670e+01
2.048299939155578642e+01
2.071899943351745677e+01
2.100399944305419808e+01
2.068199941635131722e+01
2.086799942016601506e+01
2.037599946022033848e+01
2.026899949073791518e+01
2.041599950790405416e+01
2.025199949264526467e+01
2.028999950408935504e+01
2.004699949264526282e+01
1.994099946975708093e+01
1.976499947071075525e+01
1.983199952602386418e+01
2.001299952983856301e+01
2.065799948215484605e+01
2.087799949169158964e+01
2.062299951076507654e+01
2.035699957370757929e+01
1.992499953746795782e+01
1.973099956989288373e+01
2.004399954319000088e+01
2.008999951362609693e+01
2.008999950408935575e+01
2.037599952697753736e+01
2.018699955940246582e+01
2.050999954223632926e+01
2.060899950027465977e+01
2.091999947547912697e+01
2.121699949264526452e+01
2.126999945640563894e+01
2.099299943923950096e+01
2.095399946212768683e+01
2.097999943733215389e+01
2.094799944877624398e+01
2.079499943733215162e+01
2.026199944496154615e+01
2.046799946784973301e+01
2.033099946022033677e+01
2.014999944686889677e+01
2.010899945259094324e+01
1.980699946403503375e+01
1.927599949121475120e+01
1.933899951219558844e+01
1.910699948549270744e+01
1.912299945116043176e+01
1.923399943590164085e+01
1.888099940538406329e+01
1.898599940538406372e+01
1.922399942636489811e+01
1.903499943017959595e+01
1.912099937677383465e+01
1.964199934959411564e+01
1.961999930381774959e+01
1.937699934005737390e+01
1.974699934005737134e+01
1.933599933624267564e+01
1.899099937915801917e+01
1.870099935531616353e+01
1.884099937438965000e+01
1.890399933815002598e+01
1.908099944114685087e+01
1.890699948310852108e+01
1.889199953079223704e+01
1.914799953460693516e+01
1.874499954223632869e+01
1.899199956893921026e+01
1.948199952125549217e+01
2.009099952697754077e+01
1.999999953269958652e+01
1.972299952983856031e+01
1.965199952125549387e+01
1.951699953079223704e+01
1.953199947357177635e+01
1.972899943351745478e+01
1.966599942207336582e+01
1.952199940681457591e+01
1.929299939155578514e+01
1.909899939537048397e+01
1.879899941444396916e+01
1.892299943447113009e+01
1.914499936580658002e+01
1.940899934768676616e+01
1.926799940109252773e+01
1.880399943828582821e+01
1.864999945163726736e+01
1.898599947452545322e+01
1.924399952411651782e+01
1.937699951648712116e+01
1.971099951267242290e+01
1.993899950504302865e+01
1.992499957561492963e+01
1.950999959468841638e+01
1.959499960422515841e+01
1.972599957466125531e+01
2.010799955368041836e+01
1.998199954032897807e+01
2.013699951171874858e+01
2.036499951362609906e+01
2.007599948883056484e+01
1.971199952125549260e+01
1.964099949836731085e+01
1.991999947547912697e+01
2.006699942588805996e+01
2.024799942016601406e+01
2.027299941062927147e+01
1.996999941825866642e+01
1.990899946212768512e+01
1.964799943923950210e+01
1.979799948692321721e+01
1.991399940490722642e+01
2.007499941825866685e+01
1.997099944114685144e+01
2.066599946975707880e+01
2.053699949264526481e+01
2.053799951553344627e+01
2.027499950408935447e+01
2.014599948883056513e+01
2.030599949836731000e+01
2.008699949264526197e+01
1.964099951744079675e+01
1.934999952793121381e+01
1.954399950504302907e+01
1.906199947834014807e+01
1.912499948024749585e+01
1.890599950313568200e+01
1.915799947738647546e+01
1.905499949455261088e+01
1.920599946022033677e+01
1.911899947166442715e+01
1.949499949455261216e+01
1.976499947071075525e+01
1.972999947071075511e+01
1.980499947071075439e+01
1.964299946308135958e+01
1.982799943447113122e+01
1.995299942970275708e+01
2.001299942016601463e+01
1.974699944496154913e+01
1.962799943685531545e+01
1.928799942731857442e+01
1.910799942731857470e+01
1.894799944639206046e+01
1.912899943113326984e+01
1.942599945783615212e+01
1.968999948263168420e+01
1.971999949216842651e+01
1.966699951887130737e+01
1.956099953413009729e+01
1.974199954986572436e+01
2.001199951171874858e+01
2.006699952125549302e+01
1.987899952888488642e+01
1.979999952316284251e+01
1.953599952697753750e+01
1.945599950790405330e+01
1.934099952697754077e+01
1.950499952316284080e+01
1.978899948120117358e+01
1.990299943923950110e+01
2.014199942588806280e+01
2.008999942779540859e+01
2.038999943733215403e+01
1.985699945449828974e+01
1.972699945449829073e+01
2.002699942588806081e+01
1.999299942016601506e+01
1.963599939346313406e+01
1.970799935340881248e+01
1.998099942207336355e+01
1.972099943161010671e+01
1.984699943542480582e+01
1.975499942779541129e+01
1.979099942207336582e+01
1.996399939537048240e+01
1.963199939727783061e+01
1.984399940490722614e+01
2.007099941253662223e+01
1.980799945831298814e+01
1.967299947738647603e+01
1.944799951553344641e+01
1.937099952697753835e+01
1.959899952888488883e+01
1.992399951934814339e+01
1.986799953460693402e+01
1.976099953651428365e+01
1.981199951171874929e+01
1.995899947166442701e+01
2.017299948692321721e+01
2.020699944496154643e+01
2.028999944210052320e+01
2.026199947834014736e+01
2.015899939060211210e+01
2.029899937152862677e+01
2.008699937343597242e+01
1.986499938488006478e+01
1.976899938106537036e+01
1.956399940013885441e+01
1.944399936199188161e+01
1.968399936199188360e+01
1.983299943447113023e+01
2.013499936103820787e+01
1.980499945640563908e+01
1.949899947166442971e+01
1.957799948692321834e+01
1.986899948120117188e+01
1.990999945640563951e+01
1.991499942779541144e+01
1.993999935626983699e+01
1.998799936771392893e+01
1.931699931472540044e+01
1.930499927848577357e+01
1.966899928420782118e+01
1.981099929183721642e+01
2.013699928611517009e+01
1.994899929374456349e+01
2.036199932426214332e+01
2.060199937194585829e+01
2.078199948638677697e+01
2.051299944728613056e+01
2.084299946784973301e+01
2.081899951934814297e+01
2.090599946975708079e+01
2.089699946403503361e+01
2.061699948310852193e+01
2.090099946975708178e+01
2.073799946784973258e+01
2.069399943351745463e+01
2.068099940299987693e+01
2.073099942207336355e+01
2.074399941444396944e+01
2.092599941253662266e+01
2.069899944305419837e+01
2.068099945068359347e+01
2.056699943542480469e+01
2.065599939346313363e+01
2.027499938964843906e+01
1.968099940299987693e+01
1.921099945068359460e+01
1.918499946594238281e+01
1.913799946784973116e+01
1.879699946403503574e+01
1.897399945259094167e+01
1.886499947547912726e+01
1.899399942398071417e+01
1.879899946212768569e+01
1.915899950981140165e+01
1.924799947738647532e+01
1.957699946403503333e+01
1.961999947547912626e+01
1.985699947357177564e+01
1.976199946403503560e+01
1.972999935626983614e+01
1.993099930286407329e+01
2.011199929714202739e+01
2.039299931049346881e+01
2.020599922657012826e+01
2.034099924564361572e+01
2.047599930286407499e+01
1.999299929141998433e+01
1.990899924755096606e+01
2.037899923801422020e+01
2.032199936866760126e+01
2.004699941635131921e+01
1.983699944496154899e+01
1.999299947738647631e+01
2.035499950408935632e+01
2.035199950218200726e+01
2.036799947738647631e+01
2.069899947166442900e+01
2.062099953651428308e+01
2.049499955177306987e+01
2.036999947547912626e+01
2.030799946784973287e+01
2.066999944686889634e+01
2.044299942016601435e+01
2.040599946975708079e+01
2.041099947929382452e+01
2.024999949455261117e+01
2.047099947929382324e+01
2.046299939155578684e+01
2.021299938201904212e+01
2.036199939727783104e+01
2.076599938392639189e+01
2.058499936103820716e+01
2.057499935150146442e+01
1.998999937772750712e+01
1.996599937200546293e+01
1.966899935483932538e+01
1.980699937582015835e+01
1.930299945354461499e+01
1.930199945926666416e+01
1.944799947261810402e+01
1.910899943828582792e+01
1.910399947643280072e+01
1.949099953174590993e+01
1.989499954462051434e+01
2.002599953889846773e+01
2.028999951601028329e+01
2.027199946641922068e+01
2.066499942302703730e+01
2.074699941158294791e+01
2.057699942111969094e+01
2.090999948978424072e+01
2.099599947452545123e+01
2.048699945926666288e+01
2.033299942016601491e+01
2.032199941635131779e+01
2.058899945259094366e+01
2.063899936676025249e+01
2.074999940872192283e+01
2.064699939727783118e+01
2.047499940872192425e+01
2.009699937820434457e+01
1.979199938774108958e+01
1.955899935722350946e+01
1.977899935722351188e+01
