4.460915029048919678e-01
5.844695568084716797e-01
8.231850266456604004e-01
9.679822921752929688e-01
2.798612043261528015e-02
8.611178398132324219e-01
9.052637219429016113e-01
7.253629565238952637e-01
4.393609166145324707e-01
9.331861138343811035e-01
3.174219727516174316e-01
9.421231746673583984e-01
7.153216600418090820e-01
8.343410491943359375e-02
7.996239066123962402e-01
6.513473391532897949e-01
4.815874993801116943e-01
4.900327697396278381e-02
7.449059486389160156e-01
7.539775967597961426e-01
8.690146803855895996e-01
7.777426838874816895e-01
5.624063014984130859e-01
1.121666580438613892e-01
5.058426260948181152e-01
9.407521486282348633e-01
8.246482610702514648e-01
7.942212820053100586e-01
2.566410899162292480e-01
8.665242195129394531e-01
8.949892520904541016e-01
5.984307527542114258e-01
9.863772392272949219e-01
1.533326208591461182e-01
9.986145496368408203e-01
2.046226710081100464e-01
9.599583745002746582e-01
7.399923205375671387e-01
9.700095653533935547e-01
9.906938672065734863e-02
4.042877554893493652e-01
1.373548656702041626e-01
6.800065636634826660e-01
7.469635456800460815e-02
5.488265752792358398e-01
1.914234906435012817e-01
5.286908745765686035e-01
6.751376390457153320e-01
3.718582093715667725e-01
3.031829595565795898e-01
2.259640544652938843e-01
7.508485317230224609e-01
7.820215821266174316e-01
8.834850192070007324e-01
9.713672399520874023e-01
9.776139259338378906e-01
9.701452255249023438e-01
8.765580654144287109e-01
6.165636777877807617e-01
1.196745485067367554e-01
2.330970317125320435e-01
3.581939935684204102e-01
1.619228273630142212e-01
3.269964456558227539e-01
1.110655665397644043e-01
4.281735420227050781e-01
4.301335811614990234e-01
6.604215502738952637e-01
2.946844100952148438e-01
2.024479061365127563e-01
2.122916281223297119e-01
9.059716463088989258e-01
1.489562243223190308e-01
