-inf
-inf
-inf
-inf
-inf
-inf
-inf
-inf
-inf
-inf
1.685999999999999943e+01
1.705000000000000071e+01
1.705000000000000071e+01
1.705000000000000071e+01
1.705000000000000071e+01
1.705000000000000071e+01
1.705000000000000071e+01
1.705000000000000071e+01
1.705000000000000071e+01
1.705000000000000071e+01
1.705000000000000071e+01
1.705000000000000071e+01
1.705000000000000071e+01
1.705000000000000071e+01
1.705000000000000071e+01
1.705000000000000071e+01
1.705000000000000071e+01
1.705000000000000071e+01
1.705000000000000071e+01
1.705000000000000071e+01
1.705000000000000071e+01
1.705000000000000071e+01
1.705000000000000071e+01
1.705000000000000071e+01
1.705000000000000071e+01
1.705000000000000071e+01
1.705000000000000071e+01
1.705000000000000071e+01
1.707999999999999829e+01
1.707999999999999829e+01
1.707999999999999829e+01
1.735000000000000142e+01
1.735000000000000142e+01
1.735000000000000142e+01
