-inf
-inf
-inf
-inf
-inf
-inf
-inf
-inf
-inf
-inf
1.683999999999999986e+01
1.698000000000000043e+01
1.716000000000000014e+01
1.721000000000000085e+01
1.744000000000000128e+01
1.744000000000000128e+01
1.744000000000000128e+01
1.744000000000000128e+01
1.744000000000000128e+01
1.753000000000000114e+01
1.753999999999999915e+01
1.762999999999999901e+01
1.762999999999999901e+01
1.762999999999999901e+01
1.762999999999999901e+01
1.762999999999999901e+01
1.762999999999999901e+01
1.762999999999999901e+01
1.762999999999999901e+01
1.762999999999999901e+01
1.762999999999999901e+01
1.762999999999999901e+01
1.762999999999999901e+01
1.762999999999999901e+01
1.762999999999999901e+01
1.762999999999999901e+01
1.773999999999999844e+01
1.792999999999999972e+01
1.821000000000000085e+01
1.821000000000000085e+01
1.821000000000000085e+01
1.821000000000000085e+01
1.821000000000000085e+01
1.823999999999999844e+01
1.823999999999999844e+01
1.823999999999999844e+01
1.825000000000000000e+01
1.907999999999999829e+01
1.944999999999999929e+01
2.055000000000000071e+01
2.067000000000000171e+01
2.123000000000000043e+01
2.126999999999999957e+01
2.196000000000000085e+01
2.196000000000000085e+01
2.196000000000000085e+01
2.235999999999999943e+01
2.246000000000000085e+01
2.267000000000000171e+01
2.280000000000000071e+01
2.300000000000000000e+01
2.366000000000000014e+01
2.389999999999999858e+01
2.389999999999999858e+01
2.389999999999999858e+01
2.416000000000000014e+01
2.416000000000000014e+01
2.453999999999999915e+01
2.503999999999999915e+01
2.510999999999999943e+01
2.601000000000000156e+01
2.605000000000000071e+01
2.642000000000000171e+01
2.644000000000000128e+01
2.676000000000000156e+01
2.705999999999999872e+01
2.705999999999999872e+01
2.757000000000000028e+01
2.825000000000000000e+01
2.864999999999999858e+01
2.912999999999999901e+01
2.969000000000000128e+01
3.116000000000000014e+01
3.135999999999999943e+01
3.225000000000000000e+01
3.314000000000000057e+01
3.327000000000000313e+01
3.382999999999999829e+01
3.432999999999999829e+01
3.471000000000000085e+01
3.588000000000000256e+01
3.610000000000000142e+01
3.638000000000000256e+01
3.718999999999999773e+01
3.765999999999999659e+01
3.792000000000000171e+01
3.867000000000000171e+01
3.929999999999999716e+01
3.934000000000000341e+01
4.017000000000000171e+01
4.115999999999999659e+01
4.131000000000000227e+01
4.164999999999999858e+01
4.242999999999999972e+01
4.254999999999999716e+01
4.297999999999999687e+01
4.370000000000000284e+01
4.415999999999999659e+01
4.424000000000000199e+01
4.472999999999999687e+01
4.472999999999999687e+01
4.472999999999999687e+01
4.525999999999999801e+01
4.593999999999999773e+01
4.621000000000000085e+01
4.731000000000000227e+01
4.736999999999999744e+01
4.806000000000000227e+01
4.890999999999999659e+01
4.909000000000000341e+01
4.950000000000000000e+01
4.982000000000000028e+01
4.982000000000000028e+01
5.182000000000000028e+01
5.267000000000000171e+01
5.267999999999999972e+01
5.350999999999999801e+01
5.399000000000000199e+01
5.421999999999999886e+01
5.511999999999999744e+01
5.560000000000000142e+01
5.586999999999999744e+01
5.647999999999999687e+01
5.679999999999999716e+01
5.679999999999999716e+01
5.679999999999999716e+01
5.682999999999999829e+01
5.707000000000000028e+01
5.728999999999999915e+01
5.777000000000000313e+01
5.793999999999999773e+01
5.885000000000000142e+01
5.888000000000000256e+01
5.995000000000000284e+01
5.995000000000000284e+01
6.027000000000000313e+01
6.027000000000000313e+01
6.065999999999999659e+01
6.084000000000000341e+01
6.095000000000000284e+01
6.185999999999999943e+01
6.346000000000000085e+01
6.378999999999999915e+01
6.407999999999999829e+01
6.464000000000000057e+01
6.496999999999999886e+01
6.512999999999999545e+01
6.615999999999999659e+01
6.639000000000000057e+01
6.639000000000000057e+01
6.670999999999999375e+01
6.718000000000000682e+01
6.779999999999999716e+01
6.801999999999999602e+01
6.879000000000000625e+01
6.890000000000000568e+01
6.909000000000000341e+01
6.929999999999999716e+01
7.037999999999999545e+01
7.037999999999999545e+01
7.123999999999999488e+01
7.165000000000000568e+01
7.300000000000000000e+01
7.300000000000000000e+01
7.359000000000000341e+01
7.368999999999999773e+01
7.431000000000000227e+01
7.526000000000000512e+01
7.609000000000000341e+01
7.648000000000000398e+01
7.779000000000000625e+01
7.779000000000000625e+01
7.779000000000000625e+01
7.779000000000000625e+01
7.779000000000000625e+01
7.806999999999999318e+01
7.823000000000000398e+01
7.823000000000000398e+01
7.848000000000000398e+01
7.878000000000000114e+01
7.984000000000000341e+01
8.007999999999999829e+01
8.062999999999999545e+01
8.126999999999999602e+01
8.240000000000000568e+01
8.331999999999999318e+01
8.370000000000000284e+01
8.476000000000000512e+01
8.479999999999999716e+01
8.479999999999999716e+01
8.626999999999999602e+01
8.626999999999999602e+01
8.706000000000000227e+01
8.706000000000000227e+01
8.765000000000000568e+01
8.765000000000000568e+01
8.765999999999999659e+01
8.851999999999999602e+01
8.879999999999999716e+01
8.950000000000000000e+01
8.995000000000000284e+01
9.029999999999999716e+01
9.107999999999999829e+01
9.267000000000000171e+01
9.312000000000000455e+01
9.393000000000000682e+01
9.481999999999999318e+01
9.556000000000000227e+01
9.662999999999999545e+01
9.801999999999999602e+01
9.857999999999999829e+01
9.895999999999999375e+01
9.987999999999999545e+01
1.004000000000000057e+02
1.006400000000000006e+02
1.014699999999999989e+02
1.015999999999999943e+02
1.024099999999999966e+02
1.024099999999999966e+02
1.026299999999999955e+02
1.036200000000000045e+02
1.044599999999999937e+02
1.045000000000000000e+02
1.045799999999999983e+02
1.068199999999999932e+02
1.068199999999999932e+02
1.072199999999999989e+02
1.075999999999999943e+02
1.075999999999999943e+02
1.078599999999999994e+02
1.078599999999999994e+02
1.083499999999999943e+02
1.088400000000000034e+02
1.088400000000000034e+02
1.095999999999999943e+02
1.095999999999999943e+02
1.095999999999999943e+02
1.095999999999999943e+02
1.100000000000000000e+02
1.113900000000000006e+02
1.114000000000000057e+02
1.114000000000000057e+02
1.114000000000000057e+02
1.114000000000000057e+02
1.114000000000000057e+02
1.120000000000000000e+02
1.120000000000000000e+02
1.123599999999999994e+02
1.137999999999999972e+02
1.144699999999999989e+02
1.144699999999999989e+02
1.150199999999999960e+02
1.150199999999999960e+02
1.155799999999999983e+02
1.157800000000000011e+02
1.163599999999999994e+02
1.169599999999999937e+02
1.169599999999999937e+02
1.169599999999999937e+02
1.173599999999999994e+02
1.173599999999999994e+02
1.173599999999999994e+02
1.173599999999999994e+02
1.173599999999999994e+02
1.173599999999999994e+02
1.173599999999999994e+02
1.173599999999999994e+02
1.173599999999999994e+02
1.173599999999999994e+02
1.173599999999999994e+02
1.173599999999999994e+02
1.173599999999999994e+02
1.173599999999999994e+02
1.173599999999999994e+02
1.180100000000000051e+02
1.189599999999999937e+02
1.192699999999999960e+02
1.192699999999999960e+02
1.204699999999999989e+02
1.204699999999999989e+02
1.204899999999999949e+02
1.214899999999999949e+02
1.217999999999999972e+02
1.232999999999999972e+02
1.232999999999999972e+02
1.232999999999999972e+02
1.233599999999999994e+02
1.233599999999999994e+02
1.233599999999999994e+02
1.233599999999999994e+02
1.243700000000000045e+02
1.243700000000000045e+02
1.243700000000000045e+02
1.244300000000000068e+02
1.244300000000000068e+02
1.246200000000000045e+02
1.259899999999999949e+02
1.265100000000000051e+02
1.265100000000000051e+02
1.267500000000000000e+02
1.267500000000000000e+02
1.271500000000000057e+02
1.276200000000000045e+02
1.301800000000000068e+02
1.309600000000000080e+02
1.312599999999999909e+02
1.318100000000000023e+02
1.321500000000000057e+02
1.326899999999999977e+02
1.329600000000000080e+02
1.335600000000000023e+02
1.335600000000000023e+02
1.335600000000000023e+02
1.335600000000000023e+02
1.338199999999999932e+02
1.348600000000000136e+02
1.356899999999999977e+02
1.364600000000000080e+02
1.367599999999999909e+02
1.367899999999999920e+02
1.367899999999999920e+02
1.376599999999999966e+02
1.376599999999999966e+02
1.376599999999999966e+02
1.376599999999999966e+02
1.376599999999999966e+02
1.376599999999999966e+02
1.376599999999999966e+02
1.383499999999999943e+02
1.383499999999999943e+02
1.383499999999999943e+02
1.394000000000000057e+02
1.395800000000000125e+02
1.395800000000000125e+02
1.399399999999999977e+02
1.400099999999999909e+02
1.408199999999999932e+02
1.425699999999999932e+02
1.430300000000000011e+02
1.435800000000000125e+02
1.435800000000000125e+02
1.435800000000000125e+02
1.435800000000000125e+02
1.435800000000000125e+02
1.435800000000000125e+02
1.435800000000000125e+02
1.435800000000000125e+02
1.435800000000000125e+02
1.435800000000000125e+02
1.437800000000000011e+02
1.444499999999999886e+02
1.451999999999999886e+02
1.474199999999999875e+02
1.474199999999999875e+02
1.474199999999999875e+02
1.478000000000000114e+02
1.484900000000000091e+02
1.484900000000000091e+02
1.490900000000000034e+02
1.490900000000000034e+02
1.491699999999999875e+02
1.493300000000000125e+02
1.493300000000000125e+02
1.493300000000000125e+02
1.493300000000000125e+02
1.493300000000000125e+02
1.494600000000000080e+02
1.495000000000000000e+02
1.495000000000000000e+02
1.495000000000000000e+02
1.496299999999999955e+02
1.502100000000000080e+02
1.510600000000000023e+02
1.520900000000000034e+02
1.522599999999999909e+02
1.522599999999999909e+02
1.522599999999999909e+02
1.522599999999999909e+02
1.522599999999999909e+02
1.525500000000000114e+02
1.533400000000000034e+02
1.538400000000000034e+02
1.545999999999999943e+02
1.556699999999999875e+02
1.562899999999999920e+02
1.570900000000000034e+02
1.570900000000000034e+02
1.570900000000000034e+02
1.570900000000000034e+02
1.570900000000000034e+02
1.581399999999999864e+02
1.581399999999999864e+02
1.581399999999999864e+02
1.581399999999999864e+02
1.581399999999999864e+02
1.581399999999999864e+02
1.581399999999999864e+02
1.581399999999999864e+02
1.581399999999999864e+02
1.581399999999999864e+02
1.581399999999999864e+02
1.581999999999999886e+02
1.589399999999999977e+02
1.589399999999999977e+02
1.589399999999999977e+02
1.593700000000000045e+02
1.595699999999999932e+02
1.605600000000000023e+02
1.613499999999999943e+02
1.613499999999999943e+02
1.613499999999999943e+02
1.613499999999999943e+02
1.613499999999999943e+02
1.613499999999999943e+02
1.613499999999999943e+02
1.613499999999999943e+02
1.613499999999999943e+02
1.613499999999999943e+02
1.613499999999999943e+02
1.613499999999999943e+02
1.625000000000000000e+02
1.631200000000000045e+02
1.648199999999999932e+02
1.648199999999999932e+02
1.654600000000000080e+02
1.658400000000000034e+02
1.667400000000000091e+02
1.669600000000000080e+02
1.681399999999999864e+02
1.681800000000000068e+02
1.683899999999999864e+02
1.683899999999999864e+02
1.688899999999999864e+02
1.693799999999999955e+02
1.693799999999999955e+02
1.694399999999999977e+02
1.694499999999999886e+02
1.710900000000000034e+02
1.722400000000000091e+02
1.728000000000000114e+02
1.729600000000000080e+02
1.729600000000000080e+02
1.732299999999999898e+02
1.732299999999999898e+02
1.732299999999999898e+02
1.733400000000000034e+02
1.743700000000000045e+02
1.750800000000000125e+02
1.750800000000000125e+02
1.750800000000000125e+02
1.750800000000000125e+02
1.750800000000000125e+02
1.755300000000000011e+02
1.757599999999999909e+02
1.762299999999999898e+02
1.769600000000000080e+02
1.774900000000000091e+02
1.777100000000000080e+02
1.777100000000000080e+02
1.777100000000000080e+02
1.777100000000000080e+02
1.777100000000000080e+02
1.777100000000000080e+02
1.777100000000000080e+02
1.777100000000000080e+02
1.777100000000000080e+02
1.777100000000000080e+02
1.777100000000000080e+02
1.777100000000000080e+02
1.777100000000000080e+02
1.777100000000000080e+02
1.777100000000000080e+02
1.777100000000000080e+02
1.783499999999999943e+02
1.783499999999999943e+02
1.783499999999999943e+02
1.783499999999999943e+02
1.785699999999999932e+02
1.786299999999999955e+02
1.786299999999999955e+02
1.786299999999999955e+02
1.786299999999999955e+02
1.786299999999999955e+02
1.786299999999999955e+02
1.786299999999999955e+02
1.789900000000000091e+02
1.789900000000000091e+02
1.789900000000000091e+02
1.789900000000000091e+02
1.793600000000000136e+02
1.798400000000000034e+02
1.804799999999999898e+02
1.804799999999999898e+02
1.804799999999999898e+02
1.807700000000000102e+02
1.817599999999999909e+02
1.817599999999999909e+02
1.817599999999999909e+02
1.817599999999999909e+02
1.817599999999999909e+02
1.817599999999999909e+02
1.817599999999999909e+02
1.817599999999999909e+02
1.817599999999999909e+02
1.830399999999999920e+02
1.830399999999999920e+02
1.830399999999999920e+02
1.830399999999999920e+02
1.830399999999999920e+02
1.830399999999999920e+02
1.830399999999999920e+02
1.830399999999999920e+02
1.830399999999999920e+02
1.830399999999999920e+02
1.838300000000000125e+02
1.838300000000000125e+02
1.854799999999999898e+02
1.861699999999999875e+02
1.871399999999999864e+02
1.884199999999999875e+02
1.891299999999999955e+02
1.893700000000000045e+02
1.893700000000000045e+02
1.893700000000000045e+02
1.907199999999999989e+02
1.907199999999999989e+02
1.918000000000000114e+02
1.918000000000000114e+02
1.918000000000000114e+02
1.924099999999999966e+02
1.926899999999999977e+02
1.934499999999999886e+02
1.934499999999999886e+02
1.934499999999999886e+02
1.934499999999999886e+02
1.934499999999999886e+02
1.935399999999999920e+02
1.938600000000000136e+02
1.940699999999999932e+02
1.948899999999999864e+02
1.961299999999999955e+02
1.961299999999999955e+02
1.965200000000000102e+02
1.965200000000000102e+02
1.967800000000000011e+02
1.967800000000000011e+02
1.967800000000000011e+02
1.967800000000000011e+02
1.970800000000000125e+02
1.979099999999999966e+02
1.983600000000000136e+02
1.986599999999999966e+02
1.989000000000000057e+02
1.999699999999999989e+02
1.999699999999999989e+02
2.002299999999999898e+02
2.003600000000000136e+02
2.003600000000000136e+02
2.003600000000000136e+02
2.003600000000000136e+02
2.003600000000000136e+02
2.003600000000000136e+02
2.003600000000000136e+02
2.003600000000000136e+02
2.005200000000000102e+02
2.005200000000000102e+02
2.017800000000000011e+02
2.029799999999999898e+02
2.040200000000000102e+02
2.043300000000000125e+02
2.047199999999999989e+02
2.054799999999999898e+02
2.057100000000000080e+02
2.057100000000000080e+02
2.060000000000000000e+02
2.060000000000000000e+02
2.060000000000000000e+02
2.060000000000000000e+02
2.060000000000000000e+02
2.060000000000000000e+02
2.060000000000000000e+02
2.060000000000000000e+02
2.061800000000000068e+02
2.063199999999999932e+02
2.064799999999999898e+02
2.078199999999999932e+02
2.078199999999999932e+02
2.086100000000000136e+02
2.092400000000000091e+02
2.107299999999999898e+02
2.107400000000000091e+02
2.109000000000000057e+02
2.114300000000000068e+02
2.114300000000000068e+02
2.114300000000000068e+02
2.121399999999999864e+02
2.121399999999999864e+02
2.121399999999999864e+02
2.121399999999999864e+02
2.122599999999999909e+02
2.122599999999999909e+02
2.122599999999999909e+02
2.122599999999999909e+02
2.128499999999999943e+02
2.128499999999999943e+02
2.132100000000000080e+02
2.134000000000000057e+02
2.149699999999999989e+02
2.149699999999999989e+02
2.149699999999999989e+02
2.149699999999999989e+02
2.149699999999999989e+02
2.149699999999999989e+02
2.149699999999999989e+02
2.149699999999999989e+02
2.149699999999999989e+02
2.149699999999999989e+02
2.149699999999999989e+02
2.149699999999999989e+02
2.149699999999999989e+02
2.149699999999999989e+02
2.149699999999999989e+02
2.149699999999999989e+02
2.149699999999999989e+02
2.149699999999999989e+02
2.149699999999999989e+02
2.149699999999999989e+02
2.149699999999999989e+02
2.149699999999999989e+02
2.149699999999999989e+02
2.149699999999999989e+02
2.149699999999999989e+02
2.149699999999999989e+02
2.149699999999999989e+02
2.149699999999999989e+02
2.149699999999999989e+02
2.149699999999999989e+02
2.149699999999999989e+02
2.149699999999999989e+02
2.149699999999999989e+02
2.149699999999999989e+02
2.149699999999999989e+02
2.149699999999999989e+02
2.149699999999999989e+02
2.149699999999999989e+02
2.149699999999999989e+02
2.149699999999999989e+02
2.149699999999999989e+02
2.149699999999999989e+02
2.149699999999999989e+02
2.149699999999999989e+02
2.149699999999999989e+02
2.149699999999999989e+02
2.149699999999999989e+02
2.149699999999999989e+02
2.149699999999999989e+02
2.149699999999999989e+02
2.149699999999999989e+02
2.149699999999999989e+02
2.149699999999999989e+02
2.149699999999999989e+02
2.149699999999999989e+02
2.149699999999999989e+02
2.149699999999999989e+02
2.149699999999999989e+02
2.149699999999999989e+02
2.149699999999999989e+02
2.149699999999999989e+02
2.149699999999999989e+02
2.149699999999999989e+02
2.149699999999999989e+02
2.149699999999999989e+02
2.149699999999999989e+02
2.149699999999999989e+02
2.149699999999999989e+02
2.149699999999999989e+02
2.149699999999999989e+02
2.149699999999999989e+02
2.149699999999999989e+02
2.149699999999999989e+02
2.149699999999999989e+02
2.149699999999999989e+02
2.149699999999999989e+02
2.149699999999999989e+02
2.149699999999999989e+02
2.149699999999999989e+02
2.149699999999999989e+02
2.149699999999999989e+02
2.149699999999999989e+02
2.149699999999999989e+02
2.149699999999999989e+02
2.149699999999999989e+02
2.149699999999999989e+02
2.149699999999999989e+02
2.149699999999999989e+02
2.149699999999999989e+02
2.149699999999999989e+02
2.154099999999999966e+02
2.162100000000000080e+02
2.168700000000000045e+02
2.168700000000000045e+02
2.168700000000000045e+02
2.168700000000000045e+02
2.174900000000000091e+02
2.174900000000000091e+02
2.174900000000000091e+02
2.174900000000000091e+02
2.174900000000000091e+02
2.174900000000000091e+02
2.174900000000000091e+02
2.174900000000000091e+02
2.174900000000000091e+02
2.176699999999999875e+02
2.181299999999999955e+02
2.188100000000000023e+02
2.188100000000000023e+02
2.188100000000000023e+02
2.188100000000000023e+02
2.188100000000000023e+02
2.188100000000000023e+02
2.188100000000000023e+02
2.188100000000000023e+02
2.188100000000000023e+02
2.188100000000000023e+02
2.188100000000000023e+02
2.188100000000000023e+02
2.188100000000000023e+02
2.188100000000000023e+02
2.188100000000000023e+02
2.188100000000000023e+02
2.188100000000000023e+02
2.188100000000000023e+02
2.188100000000000023e+02
2.188100000000000023e+02
2.188100000000000023e+02
2.188100000000000023e+02
2.199499999999999886e+02
2.199499999999999886e+02
2.199499999999999886e+02
2.199499999999999886e+02
2.199499999999999886e+02
2.199499999999999886e+02
2.199499999999999886e+02
2.199499999999999886e+02
2.199499999999999886e+02
2.200099999999999909e+02
2.200099999999999909e+02
2.200099999999999909e+02
2.200099999999999909e+02
2.207899999999999920e+02
2.209300000000000068e+02
2.216599999999999966e+02
2.222599999999999909e+02
2.222599999999999909e+02
2.222599999999999909e+02
2.225699999999999932e+02
2.225699999999999932e+02
2.225699999999999932e+02
2.225699999999999932e+02
2.225699999999999932e+02
2.225699999999999932e+02
2.225699999999999932e+02
2.225699999999999932e+02
2.225699999999999932e+02
2.225699999999999932e+02
2.225699999999999932e+02
2.225699999999999932e+02
2.225699999999999932e+02
2.225699999999999932e+02
2.225699999999999932e+02
2.225699999999999932e+02
2.225699999999999932e+02
2.225699999999999932e+02
2.225699999999999932e+02
2.225699999999999932e+02
2.225699999999999932e+02
2.225699999999999932e+02
2.225699999999999932e+02
2.225699999999999932e+02
2.225699999999999932e+02
2.225699999999999932e+02
2.225699999999999932e+02
2.225699999999999932e+02
2.225699999999999932e+02
2.225699999999999932e+02
2.225699999999999932e+02
2.225699999999999932e+02
2.225699999999999932e+02
2.225699999999999932e+02
2.225699999999999932e+02
2.225699999999999932e+02
2.225699999999999932e+02
2.225699999999999932e+02
2.225699999999999932e+02
2.225699999999999932e+02
2.225699999999999932e+02
2.225699999999999932e+02
2.225699999999999932e+02
2.225699999999999932e+02
2.225699999999999932e+02
2.225699999999999932e+02
2.225699999999999932e+02
2.225699999999999932e+02
2.225699999999999932e+02
2.225699999999999932e+02
2.225699999999999932e+02
2.225699999999999932e+02
2.225699999999999932e+02
2.225699999999999932e+02
2.225699999999999932e+02
2.225699999999999932e+02
2.225699999999999932e+02
2.225699999999999932e+02
2.225699999999999932e+02
2.225699999999999932e+02
2.225699999999999932e+02
2.225699999999999932e+02
2.225699999999999932e+02
2.225699999999999932e+02
2.225699999999999932e+02
2.225699999999999932e+02
2.225699999999999932e+02
2.225699999999999932e+02
2.225699999999999932e+02
2.225699999999999932e+02
2.225699999999999932e+02
2.225699999999999932e+02
2.225699999999999932e+02
2.225699999999999932e+02
2.225699999999999932e+02
2.225699999999999932e+02
2.225699999999999932e+02
2.225699999999999932e+02
2.225699999999999932e+02
2.225699999999999932e+02
2.225699999999999932e+02
2.225699999999999932e+02
2.225699999999999932e+02
2.225699999999999932e+02
2.225699999999999932e+02
2.225699999999999932e+02
2.225699999999999932e+02
2.225699999999999932e+02
2.225699999999999932e+02
2.225699999999999932e+02
2.225699999999999932e+02
2.225699999999999932e+02
2.225699999999999932e+02
2.225699999999999932e+02
2.225699999999999932e+02
2.225699999999999932e+02
2.225699999999999932e+02
2.225699999999999932e+02
2.225699999999999932e+02
2.225699999999999932e+02
2.225699999999999932e+02
2.225699999999999932e+02
2.225699999999999932e+02
2.225699999999999932e+02
2.225699999999999932e+02
2.225699999999999932e+02
2.225699999999999932e+02
2.225699999999999932e+02
2.225699999999999932e+02
2.225699999999999932e+02
2.225699999999999932e+02
2.225699999999999932e+02
2.225699999999999932e+02
2.225699999999999932e+02
2.225699999999999932e+02
2.225699999999999932e+02
2.225699999999999932e+02
2.225699999999999932e+02
2.225699999999999932e+02
2.225699999999999932e+02
2.225699999999999932e+02
2.225699999999999932e+02
2.225699999999999932e+02
2.225699999999999932e+02
2.225699999999999932e+02
2.225699999999999932e+02
2.225699999999999932e+02
2.225699999999999932e+02
2.225699999999999932e+02
2.225699999999999932e+02
2.225699999999999932e+02
2.225699999999999932e+02
2.225699999999999932e+02
2.225699999999999932e+02
2.225699999999999932e+02
2.225699999999999932e+02
2.225699999999999932e+02
2.225699999999999932e+02
2.225699999999999932e+02
2.225699999999999932e+02
2.225699999999999932e+02
2.225699999999999932e+02
2.225699999999999932e+02
2.225699999999999932e+02
2.225699999999999932e+02
2.225699999999999932e+02
2.225699999999999932e+02
2.225699999999999932e+02
2.225699999999999932e+02
2.225699999999999932e+02
2.236999999999999886e+02
2.245200000000000102e+02
2.256800000000000068e+02
2.265200000000000102e+02
2.265200000000000102e+02
2.265200000000000102e+02
2.265200000000000102e+02
2.268799999999999955e+02
2.283499999999999943e+02
2.288400000000000034e+02
2.288400000000000034e+02
2.290699999999999932e+02
2.290800000000000125e+02
2.290800000000000125e+02
2.302700000000000102e+02
2.302700000000000102e+02
2.302700000000000102e+02
2.302700000000000102e+02
2.302700000000000102e+02
2.302700000000000102e+02
2.302700000000000102e+02
2.302700000000000102e+02
2.302700000000000102e+02
2.302700000000000102e+02
2.302700000000000102e+02
2.302700000000000102e+02
2.302700000000000102e+02
2.302700000000000102e+02
2.302700000000000102e+02
2.302700000000000102e+02
2.302700000000000102e+02
2.302700000000000102e+02
2.302700000000000102e+02
2.302700000000000102e+02
2.302700000000000102e+02
2.302700000000000102e+02
2.302700000000000102e+02
2.302700000000000102e+02
2.302700000000000102e+02
2.302700000000000102e+02
2.302700000000000102e+02
2.302700000000000102e+02
2.302700000000000102e+02
2.302700000000000102e+02
2.302700000000000102e+02
2.302700000000000102e+02
2.302700000000000102e+02
2.302700000000000102e+02
2.302700000000000102e+02
2.302700000000000102e+02
2.302700000000000102e+02
2.302700000000000102e+02
2.302700000000000102e+02
2.302700000000000102e+02
2.307299999999999898e+02
2.309600000000000080e+02
2.309600000000000080e+02
2.309600000000000080e+02
2.309600000000000080e+02
2.309600000000000080e+02
2.309600000000000080e+02
2.309600000000000080e+02
2.309600000000000080e+02
2.309600000000000080e+02
2.309600000000000080e+02
2.309600000000000080e+02
2.309600000000000080e+02
2.309600000000000080e+02
2.309600000000000080e+02
2.309600000000000080e+02
2.309600000000000080e+02
2.309600000000000080e+02
2.309600000000000080e+02
2.309600000000000080e+02
2.309600000000000080e+02
2.309600000000000080e+02
2.309600000000000080e+02
2.309600000000000080e+02
2.309600000000000080e+02
2.309600000000000080e+02
2.309600000000000080e+02
2.309600000000000080e+02
2.309600000000000080e+02
2.309600000000000080e+02
2.309600000000000080e+02
2.309600000000000080e+02
2.309600000000000080e+02
2.309600000000000080e+02
2.309600000000000080e+02
2.309600000000000080e+02
2.309600000000000080e+02
2.309600000000000080e+02
2.309600000000000080e+02
2.309600000000000080e+02
2.309600000000000080e+02
2.309600000000000080e+02
2.309600000000000080e+02
2.309600000000000080e+02
2.309600000000000080e+02
2.309600000000000080e+02
2.309600000000000080e+02
2.309600000000000080e+02
2.309600000000000080e+02
2.309600000000000080e+02
2.309600000000000080e+02
2.309600000000000080e+02
2.309600000000000080e+02
2.315600000000000023e+02
2.315600000000000023e+02
2.315600000000000023e+02
2.315600000000000023e+02
2.315600000000000023e+02
2.315600000000000023e+02
2.315600000000000023e+02
2.315600000000000023e+02
2.315600000000000023e+02
2.315600000000000023e+02
2.315600000000000023e+02
2.315600000000000023e+02
2.315600000000000023e+02
2.315600000000000023e+02
2.315600000000000023e+02
2.315600000000000023e+02
2.315600000000000023e+02
2.315600000000000023e+02
2.315600000000000023e+02
2.315600000000000023e+02
2.315600000000000023e+02
2.315600000000000023e+02
2.315600000000000023e+02
2.315600000000000023e+02
2.315600000000000023e+02
2.315600000000000023e+02
2.315600000000000023e+02
2.315600000000000023e+02
2.315600000000000023e+02
2.315600000000000023e+02
2.315600000000000023e+02
2.315600000000000023e+02
2.315600000000000023e+02
2.315600000000000023e+02
2.315600000000000023e+02
2.315600000000000023e+02
2.315600000000000023e+02
2.315600000000000023e+02
2.315600000000000023e+02
2.315600000000000023e+02
2.315600000000000023e+02
2.315600000000000023e+02
2.315600000000000023e+02
2.315600000000000023e+02
2.315600000000000023e+02
2.315600000000000023e+02
2.315600000000000023e+02
2.315600000000000023e+02
2.315600000000000023e+02
2.315600000000000023e+02
2.315600000000000023e+02
2.315600000000000023e+02
2.315600000000000023e+02
2.315600000000000023e+02
2.315600000000000023e+02
2.315600000000000023e+02
2.315600000000000023e+02
2.315600000000000023e+02
2.315600000000000023e+02
2.315600000000000023e+02
2.315600000000000023e+02
2.315600000000000023e+02
2.315600000000000023e+02
2.315600000000000023e+02
2.315600000000000023e+02
2.315600000000000023e+02
2.315600000000000023e+02
2.315600000000000023e+02
2.315600000000000023e+02
2.315600000000000023e+02
2.315600000000000023e+02
2.315600000000000023e+02
2.315600000000000023e+02
2.315600000000000023e+02
2.315600000000000023e+02
2.315600000000000023e+02
2.315600000000000023e+02
2.315600000000000023e+02
2.315600000000000023e+02
2.315600000000000023e+02
2.315600000000000023e+02
2.315600000000000023e+02
2.315600000000000023e+02
2.315600000000000023e+02
2.315600000000000023e+02
2.315600000000000023e+02
2.315600000000000023e+02
2.315600000000000023e+02
2.315600000000000023e+02
2.315600000000000023e+02
2.315600000000000023e+02
2.315600000000000023e+02
2.315600000000000023e+02
2.315600000000000023e+02
2.315600000000000023e+02
2.315600000000000023e+02
2.315600000000000023e+02
2.315600000000000023e+02
2.315600000000000023e+02
2.315600000000000023e+02
2.315600000000000023e+02
2.315600000000000023e+02
2.315600000000000023e+02
2.315600000000000023e+02
2.315600000000000023e+02
2.315600000000000023e+02
2.315600000000000023e+02
2.315600000000000023e+02
2.323400000000000034e+02
2.323400000000000034e+02
2.339799999999999898e+02
2.345699999999999932e+02
2.345699999999999932e+02
2.345699999999999932e+02
2.345699999999999932e+02
2.345699999999999932e+02
2.345699999999999932e+02
2.345699999999999932e+02
2.345699999999999932e+02
2.345699999999999932e+02
2.345699999999999932e+02
2.345699999999999932e+02
2.345699999999999932e+02
2.345699999999999932e+02
2.345699999999999932e+02
2.345699999999999932e+02
2.345699999999999932e+02
2.345699999999999932e+02
2.345699999999999932e+02
2.345699999999999932e+02
2.345699999999999932e+02
2.345699999999999932e+02
2.345699999999999932e+02
2.345699999999999932e+02
2.345699999999999932e+02
2.345699999999999932e+02
2.345699999999999932e+02
2.345699999999999932e+02
2.345699999999999932e+02
2.345699999999999932e+02
2.345699999999999932e+02
2.345699999999999932e+02
2.345699999999999932e+02
2.345699999999999932e+02
2.345699999999999932e+02
2.345699999999999932e+02
2.345699999999999932e+02
2.345699999999999932e+02
2.345699999999999932e+02
2.345699999999999932e+02
2.345699999999999932e+02
2.345699999999999932e+02
2.345699999999999932e+02
2.345699999999999932e+02
2.345699999999999932e+02
2.345699999999999932e+02
2.345699999999999932e+02
2.345699999999999932e+02
2.345699999999999932e+02
2.345699999999999932e+02
2.345699999999999932e+02
2.345699999999999932e+02
2.345699999999999932e+02
2.345699999999999932e+02
2.345699999999999932e+02
2.345699999999999932e+02
2.345699999999999932e+02
2.345699999999999932e+02
2.345699999999999932e+02
2.345699999999999932e+02
2.345699999999999932e+02
2.345699999999999932e+02
2.345699999999999932e+02
2.345699999999999932e+02
2.345699999999999932e+02
2.345699999999999932e+02
2.345699999999999932e+02
2.345699999999999932e+02
2.345699999999999932e+02
2.345699999999999932e+02
2.345699999999999932e+02
2.345699999999999932e+02
2.345699999999999932e+02
2.345699999999999932e+02
2.345699999999999932e+02
2.345699999999999932e+02
2.345699999999999932e+02
2.345699999999999932e+02
2.345699999999999932e+02
2.345699999999999932e+02
2.345699999999999932e+02
2.345699999999999932e+02
2.345699999999999932e+02
2.345699999999999932e+02
2.345699999999999932e+02
2.345699999999999932e+02
2.345699999999999932e+02
2.345699999999999932e+02
2.345699999999999932e+02
2.345699999999999932e+02
2.345699999999999932e+02
2.345699999999999932e+02
2.345699999999999932e+02
2.345699999999999932e+02
2.345699999999999932e+02
2.345699999999999932e+02
2.345699999999999932e+02
2.345699999999999932e+02
2.345699999999999932e+02
2.345699999999999932e+02
2.345699999999999932e+02
2.345699999999999932e+02
2.345699999999999932e+02
2.345699999999999932e+02
2.345699999999999932e+02
2.345699999999999932e+02
2.345699999999999932e+02
2.345699999999999932e+02
2.345699999999999932e+02
2.345699999999999932e+02
2.345699999999999932e+02
2.345699999999999932e+02
2.345699999999999932e+02
2.345699999999999932e+02
2.345699999999999932e+02
2.345699999999999932e+02
2.345699999999999932e+02
2.345699999999999932e+02
2.345699999999999932e+02
2.345699999999999932e+02
2.345699999999999932e+02
2.345699999999999932e+02
2.345699999999999932e+02
2.345699999999999932e+02
2.345699999999999932e+02
2.345699999999999932e+02
2.345699999999999932e+02
2.345699999999999932e+02
2.345699999999999932e+02
2.345699999999999932e+02
2.345699999999999932e+02
2.345699999999999932e+02
2.345699999999999932e+02
2.345699999999999932e+02
2.345699999999999932e+02
2.345699999999999932e+02
2.345699999999999932e+02
2.345699999999999932e+02
2.345699999999999932e+02
2.345699999999999932e+02
2.345699999999999932e+02
2.345699999999999932e+02
2.345699999999999932e+02
2.345699999999999932e+02
2.345699999999999932e+02
2.345699999999999932e+02
2.345699999999999932e+02
2.345699999999999932e+02
2.345699999999999932e+02
2.345699999999999932e+02
2.345699999999999932e+02
2.345699999999999932e+02
2.345699999999999932e+02
2.345699999999999932e+02
2.345699999999999932e+02
2.345699999999999932e+02
2.345699999999999932e+02
2.345699999999999932e+02
2.345699999999999932e+02
2.345699999999999932e+02
2.345699999999999932e+02
2.345699999999999932e+02
2.345699999999999932e+02
2.345699999999999932e+02
2.345699999999999932e+02
2.345699999999999932e+02
2.345699999999999932e+02
2.345699999999999932e+02
2.345699999999999932e+02
2.345699999999999932e+02
2.345699999999999932e+02
2.345699999999999932e+02
2.345699999999999932e+02
2.345699999999999932e+02
2.345699999999999932e+02
2.345699999999999932e+02
2.345699999999999932e+02
2.345699999999999932e+02
2.345699999999999932e+02
2.345699999999999932e+02
2.345699999999999932e+02
2.345699999999999932e+02
2.345699999999999932e+02
2.345699999999999932e+02
2.345699999999999932e+02
2.345699999999999932e+02
2.345699999999999932e+02
2.345699999999999932e+02
2.345699999999999932e+02
2.345699999999999932e+02
2.345699999999999932e+02
2.345699999999999932e+02
2.345699999999999932e+02
2.345699999999999932e+02
2.345699999999999932e+02
2.345699999999999932e+02
2.345699999999999932e+02
2.345699999999999932e+02
2.345699999999999932e+02
2.345699999999999932e+02
2.345699999999999932e+02
2.345699999999999932e+02
2.345699999999999932e+02
2.345699999999999932e+02
2.345699999999999932e+02
2.345699999999999932e+02
2.345699999999999932e+02
2.345699999999999932e+02
2.345699999999999932e+02
2.345699999999999932e+02
2.345699999999999932e+02
2.345699999999999932e+02
2.345699999999999932e+02
2.345699999999999932e+02
2.345699999999999932e+02
2.345699999999999932e+02
2.345699999999999932e+02
2.345699999999999932e+02
2.345699999999999932e+02
2.345699999999999932e+02
2.345699999999999932e+02
2.345699999999999932e+02
2.345699999999999932e+02
2.345699999999999932e+02
2.345699999999999932e+02
2.345699999999999932e+02
2.345699999999999932e+02
2.345699999999999932e+02
2.345699999999999932e+02
2.345699999999999932e+02
2.345699999999999932e+02
2.345699999999999932e+02
2.345699999999999932e+02
2.345699999999999932e+02
2.345699999999999932e+02
2.345699999999999932e+02
2.345699999999999932e+02
2.345699999999999932e+02
2.345699999999999932e+02
2.345699999999999932e+02
2.345699999999999932e+02
2.345699999999999932e+02
2.345699999999999932e+02
2.345699999999999932e+02
2.345699999999999932e+02
2.345699999999999932e+02
2.345699999999999932e+02
2.345699999999999932e+02
2.345699999999999932e+02
2.345699999999999932e+02
2.345699999999999932e+02
2.345699999999999932e+02
2.345699999999999932e+02
2.345699999999999932e+02
2.345699999999999932e+02
2.345699999999999932e+02
2.345699999999999932e+02
2.345699999999999932e+02
2.345699999999999932e+02
2.345699999999999932e+02
2.345699999999999932e+02
2.345699999999999932e+02
2.345699999999999932e+02
2.345699999999999932e+02
2.345699999999999932e+02
2.345699999999999932e+02
2.345699999999999932e+02
2.345699999999999932e+02
2.345699999999999932e+02
2.345699999999999932e+02
2.345699999999999932e+02
2.345699999999999932e+02
2.345699999999999932e+02
2.345699999999999932e+02
2.345699999999999932e+02
2.345699999999999932e+02
2.345699999999999932e+02
2.345699999999999932e+02
2.345699999999999932e+02
2.345699999999999932e+02
2.345699999999999932e+02
2.345699999999999932e+02
2.345699999999999932e+02
2.345699999999999932e+02
2.345699999999999932e+02
2.345699999999999932e+02
2.345699999999999932e+02
2.345699999999999932e+02
2.345699999999999932e+02
2.345699999999999932e+02
2.345699999999999932e+02
2.345699999999999932e+02
2.345699999999999932e+02
2.345699999999999932e+02
2.345699999999999932e+02
2.345699999999999932e+02
2.345699999999999932e+02
2.345699999999999932e+02
2.345699999999999932e+02
2.345699999999999932e+02
2.345699999999999932e+02
2.345699999999999932e+02
2.345699999999999932e+02
2.345699999999999932e+02
2.345699999999999932e+02
2.345699999999999932e+02
2.345699999999999932e+02
2.345699999999999932e+02
2.345699999999999932e+02
2.345699999999999932e+02
2.345699999999999932e+02
2.345699999999999932e+02
2.345699999999999932e+02
2.345699999999999932e+02
2.345699999999999932e+02
2.345699999999999932e+02
2.345699999999999932e+02
2.345699999999999932e+02
2.345699999999999932e+02
2.345699999999999932e+02
2.345699999999999932e+02
2.345699999999999932e+02
2.345699999999999932e+02
2.345699999999999932e+02
2.345699999999999932e+02
2.345699999999999932e+02
2.345699999999999932e+02
2.345699999999999932e+02
2.345699999999999932e+02
2.345699999999999932e+02
2.345699999999999932e+02
2.345699999999999932e+02
2.345699999999999932e+02
2.345699999999999932e+02
2.345699999999999932e+02
2.345699999999999932e+02
2.345699999999999932e+02
2.345699999999999932e+02
2.345699999999999932e+02
2.345699999999999932e+02
2.345699999999999932e+02
2.345699999999999932e+02
2.345699999999999932e+02
2.345699999999999932e+02
2.345699999999999932e+02
2.345699999999999932e+02
2.345699999999999932e+02
2.345699999999999932e+02
2.345699999999999932e+02
2.345699999999999932e+02
2.345699999999999932e+02
2.345699999999999932e+02
2.345699999999999932e+02
2.345699999999999932e+02
2.345699999999999932e+02
2.345699999999999932e+02
2.345699999999999932e+02
2.345699999999999932e+02
2.345699999999999932e+02
2.345699999999999932e+02
2.345699999999999932e+02
2.345699999999999932e+02
2.345699999999999932e+02
2.345699999999999932e+02
2.345699999999999932e+02
2.345699999999999932e+02
2.345699999999999932e+02
2.345699999999999932e+02
2.345699999999999932e+02
2.345699999999999932e+02
2.345699999999999932e+02
2.345699999999999932e+02
2.345699999999999932e+02
2.345699999999999932e+02
2.345699999999999932e+02
2.345699999999999932e+02
2.345699999999999932e+02
2.345699999999999932e+02
2.345699999999999932e+02
2.345699999999999932e+02
2.345699999999999932e+02
2.345699999999999932e+02
2.345699999999999932e+02
2.345699999999999932e+02
2.345699999999999932e+02
2.345699999999999932e+02
2.345699999999999932e+02
2.345699999999999932e+02
2.345699999999999932e+02
2.345699999999999932e+02
2.345699999999999932e+02
2.345699999999999932e+02
2.345699999999999932e+02
2.345699999999999932e+02
2.345699999999999932e+02
2.345699999999999932e+02
2.345699999999999932e+02
2.345699999999999932e+02
2.345699999999999932e+02
2.345699999999999932e+02
2.345699999999999932e+02
2.345699999999999932e+02
2.345699999999999932e+02
2.345699999999999932e+02
2.345699999999999932e+02
2.345699999999999932e+02
2.345699999999999932e+02
2.345699999999999932e+02
2.345699999999999932e+02
2.345699999999999932e+02
2.345699999999999932e+02
2.345699999999999932e+02
2.345699999999999932e+02
2.345699999999999932e+02
2.345699999999999932e+02
2.345699999999999932e+02
2.345699999999999932e+02
2.345699999999999932e+02
2.345699999999999932e+02
2.345699999999999932e+02
2.345699999999999932e+02
2.345699999999999932e+02
2.345699999999999932e+02
2.345699999999999932e+02
2.345699999999999932e+02
2.345699999999999932e+02
2.345699999999999932e+02
2.345699999999999932e+02
2.345699999999999932e+02
2.345699999999999932e+02
2.345699999999999932e+02
2.345699999999999932e+02
2.345699999999999932e+02
2.345699999999999932e+02
2.345699999999999932e+02
2.345699999999999932e+02
2.345699999999999932e+02
2.345699999999999932e+02
2.345699999999999932e+02
2.345699999999999932e+02
2.345699999999999932e+02
2.345699999999999932e+02
2.345699999999999932e+02
2.345699999999999932e+02
2.345699999999999932e+02
2.345699999999999932e+02
2.345699999999999932e+02
2.345699999999999932e+02
2.345699999999999932e+02
2.345699999999999932e+02
2.345699999999999932e+02
2.345699999999999932e+02
2.345699999999999932e+02
2.345699999999999932e+02
2.345699999999999932e+02
2.345699999999999932e+02
2.345699999999999932e+02
2.345699999999999932e+02
2.345699999999999932e+02
2.345699999999999932e+02
2.345699999999999932e+02
2.345699999999999932e+02
2.345699999999999932e+02
2.345699999999999932e+02
2.345699999999999932e+02
2.345699999999999932e+02
2.345699999999999932e+02
2.345699999999999932e+02
2.345699999999999932e+02
2.345699999999999932e+02
2.345699999999999932e+02
2.345699999999999932e+02
2.345699999999999932e+02
2.345699999999999932e+02
2.345699999999999932e+02
