nan
nan
nan
nan
nan
nan
nan
nan
nan
nan
nan
nan
nan
nan
nan
nan
nan
nan
nan
nan
nan
nan
nan
nan
nan
nan
nan
nan
nan
nan
nan
nan
nan
nan
nan
nan
nan
nan
nan
nan
nan
nan
nan
nan
nan
nan
nan
nan
nan
nan
nan
nan
nan
nan
nan
nan
nan
nan
nan
nan
nan
nan
nan
nan
nan
nan
nan
nan
nan
nan
nan
nan
nan
nan
nan
nan
nan
nan
nan
nan
nan
nan
nan
nan
-9.659815063476562500e+02
-9.659476318359375000e+02
-9.664278564453125000e+02
-9.682042236328125000e+02
-9.674832763671875000e+02
-9.653792724609375000e+02
-9.660318603515625000e+02
-9.672622070312500000e+02
-9.675536499023437500e+02
-9.663605346679687500e+02
-9.663801269531250000e+02
-9.672567749023437500e+02
-9.673804931640625000e+02
-9.658834228515625000e+02
-9.665279541015625000e+02
-9.674257812500000000e+02
-9.668629150390625000e+02
-9.666737060546875000e+02
-9.670097045898437500e+02
-9.672300415039062500e+02
-9.663722534179687500e+02
-9.657763061523437500e+02
-9.663368530273437500e+02
-9.685947265625000000e+02
-9.686725463867187500e+02
-9.673090820312500000e+02
-9.675992431640625000e+02
-9.671784667968750000e+02
-9.671154785156250000e+02
-9.670226440429687500e+02
-9.667766113281250000e+02
-9.672423706054687500e+02
-9.694537353515625000e+02
-9.662064208984375000e+02
-9.673978271484375000e+02
-9.649734497070312500e+02
-9.664073486328125000e+02
-9.676182861328125000e+02
-9.659659423828125000e+02
-9.679510498046875000e+02
-9.657185668945312500e+02
-9.681535644531250000e+02
-9.677615966796875000e+02
-9.656390380859375000e+02
-9.663046875000000000e+02
-9.654989013671875000e+02
-9.664790039062500000e+02
-9.651514892578125000e+02
-9.662520751953125000e+02
-9.658325805664062500e+02
-9.653063354492187500e+02
-9.664855346679687500e+02
-9.647416381835937500e+02
-9.678905639648437500e+02
-9.667106933593750000e+02
-9.641293334960937500e+02
-9.614169311523437500e+02
-9.681594238281250000e+02
-9.674545898437500000e+02
-9.605608520507812500e+02
-9.675865478515625000e+02
-9.625966186523437500e+02
-9.638599243164062500e+02
-9.591292114257812500e+02
-9.667637939453125000e+02
-9.631647949218750000e+02
-9.623750610351562500e+02
-9.627504882812500000e+02
-9.602261962890625000e+02
-9.589289550781250000e+02
-9.651932983398437500e+02
-9.583610229492187500e+02
-9.599572143554687500e+02
-9.591117553710937500e+02
-9.637280883789062500e+02
-9.646304931640625000e+02
-9.599433593750000000e+02
-9.608077392578125000e+02
-9.659437255859375000e+02
-9.546052246093750000e+02
-9.618986816406250000e+02
-9.525722656250000000e+02
-9.581978759765625000e+02
-9.591773681640625000e+02
-9.485708618164062500e+02
-9.612393798828125000e+02
-9.546074218750000000e+02
-9.493101806640625000e+02
-9.524108886718750000e+02
-9.574030151367187500e+02
-9.572102661132812500e+02
-9.537977294921875000e+02
-9.552071533203125000e+02
-9.608955688476562500e+02
-9.568818359375000000e+02
-9.592756347656250000e+02
-9.602202148437500000e+02
-9.574521484375000000e+02
-9.611674194335937500e+02
-9.544562988281250000e+02
-9.592750854492187500e+02
-9.447934570312500000e+02
-9.475409545898437500e+02
-9.569709472656250000e+02
-9.553150634765625000e+02
-9.555275268554687500e+02
-9.544099121093750000e+02
-9.615023803710937500e+02
-9.518134765625000000e+02
-9.557484130859375000e+02
-9.577679443359375000e+02
-9.523350219726562500e+02
-9.590513305664062500e+02
-9.522257080078125000e+02
-9.535009765625000000e+02
-9.483275756835937500e+02
-9.605100097656250000e+02
-9.555661621093750000e+02
-9.552623901367187500e+02
-9.443903808593750000e+02
-9.590635375976562500e+02
-9.592072753906250000e+02
-9.557720947265625000e+02
-9.469208984375000000e+02
-9.525118408203125000e+02
-9.521365966796875000e+02
-9.630498657226562500e+02
-9.521529541015625000e+02
-9.577641601562500000e+02
-9.476089477539062500e+02
-9.545018310546875000e+02
-9.591257324218750000e+02
-9.424698486328125000e+02
-9.548477783203125000e+02
-9.569185180664062500e+02
-9.438212890625000000e+02
-9.460786132812500000e+02
-9.562661132812500000e+02
-9.491250610351562500e+02
-9.466248779296875000e+02
-9.449812011718750000e+02
-9.520676269531250000e+02
-9.472098388671875000e+02
-9.565801391601562500e+02
-9.501595458984375000e+02
-9.484539184570312500e+02
-9.420572509765625000e+02
-9.496995849609375000e+02
-9.412949218750000000e+02
-9.545643310546875000e+02
-9.599765625000000000e+02
-9.530589599609375000e+02
-9.528301391601562500e+02
-9.564095458984375000e+02
-9.479956054687500000e+02
-9.462796020507812500e+02
-9.597630004882812500e+02
-9.439885253906250000e+02
-9.292347412109375000e+02
-9.476983642578125000e+02
-9.606983032226562500e+02
-9.472697753906250000e+02
-9.451314697265625000e+02
-9.538122558593750000e+02
-9.373774414062500000e+02
-9.411166992187500000e+02
-9.388261718750000000e+02
-9.557723388671875000e+02
-9.445959472656250000e+02
-9.335103149414062500e+02
-9.470135498046875000e+02
-9.411974487304687500e+02
-9.451077880859375000e+02
-9.444798583984375000e+02
-9.474024658203125000e+02
-9.475911865234375000e+02
-9.359154052734375000e+02
-9.319338378906250000e+02
-9.444065551757812500e+02
-9.447447509765625000e+02
-9.343465576171875000e+02
-9.379708862304687500e+02
-9.493188476562500000e+02
-9.356708984375000000e+02
-9.479713134765625000e+02
-9.462389526367187500e+02
-9.526349487304687500e+02
-9.313876953125000000e+02
-9.471524658203125000e+02
-9.444626464843750000e+02
-9.490878295898437500e+02
-9.061256103515625000e+02
-9.337116088867187500e+02
-9.362954101562500000e+02
-9.422839355468750000e+02
-9.353525390625000000e+02
-9.320498657226562500e+02
-9.555518188476562500e+02
-9.343153076171875000e+02
-9.472028198242187500e+02
-9.359584960937500000e+02
-9.407640991210937500e+02
-9.357612304687500000e+02
-9.070521240234375000e+02
-9.201348876953125000e+02
-9.181616821289062500e+02
-9.375532836914062500e+02
-9.547791748046875000e+02
-9.302193603515625000e+02
-9.312705688476562500e+02
-9.437498168945312500e+02
-9.201887817382812500e+02
-9.323110961914062500e+02
-9.243389892578125000e+02
-9.461879882812500000e+02
-9.365084838867187500e+02
-9.354353027343750000e+02
-9.420266723632812500e+02
-9.280565185546875000e+02
-9.378715209960937500e+02
-9.542069091796875000e+02
-9.416190185546875000e+02
-9.481311035156250000e+02
-9.549027099609375000e+02
-9.445778198242187500e+02
-9.413146972656250000e+02
-9.460149536132812500e+02
-9.113187255859375000e+02
-9.510784912109375000e+02
-9.174617919921875000e+02
-9.175764770507812500e+02
-9.436699829101562500e+02
-9.370337524414062500e+02
-9.374464111328125000e+02
-9.194803466796875000e+02
-9.237283935546875000e+02
-9.151235351562500000e+02
-9.123740234375000000e+02
-9.525974121093750000e+02
-9.340020751953125000e+02
-9.237307128906250000e+02
-9.472642822265625000e+02
-9.509299316406250000e+02
-9.280101318359375000e+02
-9.296509399414062500e+02
-9.358026123046875000e+02
-9.411185302734375000e+02
-9.249143066406250000e+02
-9.124713134765625000e+02
-9.080249023437500000e+02
-9.141751708984375000e+02
-9.106483764648437500e+02
-9.260320434570312500e+02
-9.342377319335937500e+02
-9.280062255859375000e+02
-9.166463623046875000e+02
-9.234310302734375000e+02
-9.379147338867187500e+02
-9.298857421875000000e+02
-9.286750488281250000e+02
-9.197309570312500000e+02
-9.178658447265625000e+02
-9.309825439453125000e+02
-9.352349853515625000e+02
-9.545825195312500000e+02
-9.372930297851562500e+02
-9.207147216796875000e+02
-9.230809936523437500e+02
-9.329108886718750000e+02
-9.026094360351562500e+02
-9.207788696289062500e+02
-9.222806396484375000e+02
-9.121174316406250000e+02
-9.346668701171875000e+02
-9.397262573242187500e+02
-9.214025268554687500e+02
-9.439247436523437500e+02
-9.141376953125000000e+02
-9.091938476562500000e+02
-9.100494995117187500e+02
-9.191057739257812500e+02
-9.498499755859375000e+02
-8.928436279296875000e+02
-9.406999511718750000e+02
-9.305874023437500000e+02
-9.036293945312500000e+02
-9.193836669921875000e+02
-9.346720581054687500e+02
-9.005665283203125000e+02
-9.396925048828125000e+02
-8.927247314453125000e+02
-9.448645019531250000e+02
-9.073168334960937500e+02
-9.071528320312500000e+02
-9.079017333984375000e+02
-8.982744140625000000e+02
-9.090683593750000000e+02
-9.390574951171875000e+02
-9.113718872070312500e+02
-8.850821533203125000e+02
-9.557905273437500000e+02
-9.415477294921875000e+02
-9.314420776367187500e+02
-8.970998535156250000e+02
-9.376081542968750000e+02
-9.180122680664062500e+02
-9.041301269531250000e+02
-9.163803710937500000e+02
-9.232470092773437500e+02
-9.255610351562500000e+02
-9.368421630859375000e+02
-9.448723144531250000e+02
-8.954813842773437500e+02
-9.466964111328125000e+02
-9.045268554687500000e+02
-9.296673583984375000e+02
-9.092847900390625000e+02
-9.277832031250000000e+02
-9.397858886718750000e+02
-8.950549926757812500e+02
-9.323131103515625000e+02
-9.042679443359375000e+02
-9.356519775390625000e+02
-9.174663085937500000e+02
-9.309385986328125000e+02
-9.246609497070312500e+02
-9.073781738281250000e+02
-9.182421875000000000e+02
-9.219064941406250000e+02
-9.437109375000000000e+02
-9.258967285156250000e+02
-9.041089477539062500e+02
-9.154508056640625000e+02
-9.548391723632812500e+02
-9.089860229492187500e+02
-9.086668701171875000e+02
-9.305755615234375000e+02
-9.224367065429687500e+02
-8.980676269531250000e+02
-9.207807617187500000e+02
-9.374642333984375000e+02
-9.257249755859375000e+02
-9.378598632812500000e+02
-9.224440917968750000e+02
-9.078461914062500000e+02
-9.037860107421875000e+02
-9.272248535156250000e+02
-9.254440917968750000e+02
-9.109307861328125000e+02
-8.909487304687500000e+02
-9.113825073242187500e+02
-8.989449462890625000e+02
-9.002248535156250000e+02
-8.939952392578125000e+02
-8.964095458984375000e+02
-9.147316284179687500e+02
-9.179117431640625000e+02
-9.056795654296875000e+02
-9.096974487304687500e+02
-9.075863647460937500e+02
-8.815511474609375000e+02
-8.911093139648437500e+02
-9.186605224609375000e+02
-8.917081298828125000e+02
-9.341279296875000000e+02
-9.106839599609375000e+02
-9.274519042968750000e+02
-9.157675170898437500e+02
-9.150777587890625000e+02
-9.040791015625000000e+02
-9.043413085937500000e+02
-9.324455566406250000e+02
-9.014797973632812500e+02
-9.075689697265625000e+02
-9.245203857421875000e+02
-9.309462890625000000e+02
-9.282244873046875000e+02
-9.089269409179687500e+02
-9.433214721679687500e+02
-9.210328979492187500e+02
-8.898133544921875000e+02
-8.971666870117187500e+02
-9.195272216796875000e+02
-9.040571289062500000e+02
-9.124942016601562500e+02
-9.019473266601562500e+02
-9.210203247070312500e+02
-9.299056396484375000e+02
-8.707518920898437500e+02
-8.769797363281250000e+02
-9.245517578125000000e+02
-8.889754638671875000e+02
-9.171927490234375000e+02
-8.832950439453125000e+02
-9.112349853515625000e+02
-9.271749267578125000e+02
-8.996119384765625000e+02
-9.312964477539062500e+02
-9.393199462890625000e+02
-9.147695312500000000e+02
-8.804470825195312500e+02
-8.913095092773437500e+02
-9.489622802734375000e+02
-9.142807006835937500e+02
-9.291401367187500000e+02
-8.895239868164062500e+02
-9.191520996093750000e+02
-9.333234863281250000e+02
-9.259412231445312500e+02
-9.220819702148437500e+02
-8.983991088867187500e+02
-9.294276733398437500e+02
-8.958084106445312500e+02
-8.554920043945312500e+02
-9.184464111328125000e+02
-9.057775878906250000e+02
-9.119437255859375000e+02
-9.143709716796875000e+02
-9.124179077148437500e+02
-9.211798095703125000e+02
-9.100802612304687500e+02
-9.312304687500000000e+02
-9.090450439453125000e+02
-9.196793823242187500e+02
-9.018098144531250000e+02
-9.241375732421875000e+02
-9.202340698242187500e+02
-8.729949951171875000e+02
-8.879215087890625000e+02
-9.085936279296875000e+02
-8.949801025390625000e+02
-8.714304199218750000e+02
-9.403696899414062500e+02
-9.089786376953125000e+02
-8.970128173828125000e+02
-9.114901123046875000e+02
-8.964281005859375000e+02
-9.019399414062500000e+02
-9.347047119140625000e+02
-8.856034545898437500e+02
-9.083938598632812500e+02
-9.035692138671875000e+02
-9.112553100585937500e+02
-9.232441406250000000e+02
-9.084140014648437500e+02
-8.729978027343750000e+02
-9.283892822265625000e+02
-8.955889892578125000e+02
-8.714077758789062500e+02
-9.307939453125000000e+02
-8.982375488281250000e+02
-8.896505126953125000e+02
-8.814128417968750000e+02
-9.046612548828125000e+02
-8.872050781250000000e+02
-9.095602416992187500e+02
-9.174177856445312500e+02
-9.074533691406250000e+02
-9.142329101562500000e+02
-8.999447631835937500e+02
-8.726132812500000000e+02
-9.234440917968750000e+02
-8.826410522460937500e+02
-8.757084960937500000e+02
-9.111990356445312500e+02
-9.359923095703125000e+02
-9.114907226562500000e+02
-9.208488769531250000e+02
-8.933146972656250000e+02
-9.126080322265625000e+02
-8.839056396484375000e+02
-8.565375976562500000e+02
-8.981234130859375000e+02
-8.779992065429687500e+02
-9.125967407226562500e+02
-9.016055908203125000e+02
-9.321506347656250000e+02
-8.890924072265625000e+02
-9.030714111328125000e+02
-8.737762451171875000e+02
-9.236118164062500000e+02
-8.513539428710937500e+02
-8.982728271484375000e+02
-9.006171264648437500e+02
-8.685759887695312500e+02
-8.848837890625000000e+02
-8.865566406250000000e+02
-8.841132812500000000e+02
-8.918505859375000000e+02
-8.903154296875000000e+02
-9.099682617187500000e+02
-8.738312988281250000e+02
-9.093186645507812500e+02
-8.981951904296875000e+02
-9.091115722656250000e+02
-9.030850219726562500e+02
-9.017492675781250000e+02
-9.246966552734375000e+02
-8.859343872070312500e+02
-8.873463134765625000e+02
-9.152402343750000000e+02
-9.174067382812500000e+02
-9.434326782226562500e+02
-8.932480468750000000e+02
-8.929348144531250000e+02
-8.921846923828125000e+02
-8.923353271484375000e+02
-9.312644653320312500e+02
-8.929285888671875000e+02
-8.756943359375000000e+02
-8.829505615234375000e+02
-9.262905273437500000e+02
-9.045119018554687500e+02
-8.982529907226562500e+02
-8.721756591796875000e+02
-9.260834960937500000e+02
-9.027603759765625000e+02
-9.011779785156250000e+02
-8.825190429687500000e+02
-8.736127929687500000e+02
-8.719158935546875000e+02
-9.208801269531250000e+02
-8.876965332031250000e+02
-8.967178955078125000e+02
-8.934780273437500000e+02
-9.072149658203125000e+02
-8.925065917968750000e+02
-8.810173950195312500e+02
-8.579390869140625000e+02
-8.734757080078125000e+02
-8.934587402343750000e+02
-8.982790527343750000e+02
-8.599335937500000000e+02
-9.192012939453125000e+02
-9.047899780273437500e+02
-9.145538330078125000e+02
-8.947612915039062500e+02
-9.032261352539062500e+02
-9.176801147460937500e+02
-8.737232666015625000e+02
-8.706795654296875000e+02
-8.775992431640625000e+02
-8.978279418945312500e+02
-8.910164794921875000e+02
-9.260498046875000000e+02
-8.800794067382812500e+02
-9.195120239257812500e+02
-8.773603515625000000e+02
-8.796450195312500000e+02
-8.857314453125000000e+02
-8.875811767578125000e+02
-8.910159912109375000e+02
-9.315917968750000000e+02
-9.109914550781250000e+02
-8.769877929687500000e+02
-9.215922851562500000e+02
-9.010182495117187500e+02
-8.753122558593750000e+02
-8.702003173828125000e+02
-9.185297851562500000e+02
-8.546342773437500000e+02
-8.812804565429687500e+02
-8.423806762695312500e+02
-9.052992553710937500e+02
-8.945822753906250000e+02
-9.150559692382812500e+02
-8.817387695312500000e+02
-8.648645629882812500e+02
-8.690369873046875000e+02
-9.013382568359375000e+02
-8.870400390625000000e+02
-9.020977783203125000e+02
-8.535820312500000000e+02
-8.716356811523437500e+02
-8.723883056640625000e+02
-9.010822753906250000e+02
-8.782210083007812500e+02
-8.531876220703125000e+02
-8.860246582031250000e+02
-9.188193359375000000e+02
-8.665368652343750000e+02
-8.992410888671875000e+02
-9.150918579101562500e+02
-8.772648925781250000e+02
-8.802534179687500000e+02
-8.874656372070312500e+02
-8.627870483398437500e+02
-8.731267700195312500e+02
-9.199617919921875000e+02
-9.068753662109375000e+02
-8.933520507812500000e+02
-8.535616455078125000e+02
-8.726297607421875000e+02
-9.320943603515625000e+02
-9.253250732421875000e+02
-9.337108154296875000e+02
-8.917515258789062500e+02
-8.555855712890625000e+02
-8.472723388671875000e+02
-8.775909423828125000e+02
-8.885813598632812500e+02
-8.770802001953125000e+02
-8.976488037109375000e+02
-9.044160766601562500e+02
-9.150814208984375000e+02
-8.655399169921875000e+02
-8.773565063476562500e+02
-9.337106933593750000e+02
-8.761704101562500000e+02
-8.654097290039062500e+02
-8.680156250000000000e+02
-9.295928344726562500e+02
-8.895822143554687500e+02
-8.790570068359375000e+02
-8.850874023437500000e+02
-9.080795898437500000e+02
-9.119432373046875000e+02
-9.209910888671875000e+02
-8.856134033203125000e+02
-8.627289428710937500e+02
-8.826870117187500000e+02
-8.987551269531250000e+02
-8.969593505859375000e+02
-8.837470092773437500e+02
-8.908620605468750000e+02
-8.509335937500000000e+02
-8.727870483398437500e+02
-9.023475341796875000e+02
-8.844323730468750000e+02
-8.571531982421875000e+02
-8.886337280273437500e+02
-8.751350708007812500e+02
-8.707897949218750000e+02
-8.793638305664062500e+02
-8.795273437500000000e+02
-8.942679443359375000e+02
-8.741988525390625000e+02
-8.783134765625000000e+02
-8.761617431640625000e+02
-8.962106323242187500e+02
-8.805172729492187500e+02
-8.607644042968750000e+02
-9.176100463867187500e+02
-8.776979980468750000e+02
-9.175212402343750000e+02
-9.065888671875000000e+02
-8.667807617187500000e+02
-9.022794189453125000e+02
-8.591208496093750000e+02
-8.667165527343750000e+02
-8.620611572265625000e+02
-8.930928955078125000e+02
-9.223077392578125000e+02
-8.718205566406250000e+02
-9.006124267578125000e+02
-9.008427734375000000e+02
-8.883170166015625000e+02
-8.860863037109375000e+02
-9.102358398437500000e+02
-8.639863891601562500e+02
-9.241282348632812500e+02
-8.581309814453125000e+02
-8.970803222656250000e+02
-8.665517578125000000e+02
-8.940686035156250000e+02
-8.473940429687500000e+02
-8.998709716796875000e+02
-8.981914062500000000e+02
-8.984230346679687500e+02
-8.635059814453125000e+02
-8.883817138671875000e+02
-9.117945556640625000e+02
-8.912095336914062500e+02
-8.909710693359375000e+02
-9.217592773437500000e+02
-8.973303222656250000e+02
-8.944667968750000000e+02
-8.500086669921875000e+02
-8.716932373046875000e+02
-8.733094482421875000e+02
-8.534749755859375000e+02
-8.578255004882812500e+02
-9.097938232421875000e+02
-8.822929687500000000e+02
-8.793524169921875000e+02
-8.695169067382812500e+02
-8.725755004882812500e+02
-9.084173583984375000e+02
-9.085019531250000000e+02
-8.822071533203125000e+02
-8.633555297851562500e+02
-8.648592529296875000e+02
-8.436030273437500000e+02
-8.938420410156250000e+02
-8.909171142578125000e+02
-9.101916503906250000e+02
-8.770496826171875000e+02
-8.926363525390625000e+02
-8.941695556640625000e+02
-8.903029785156250000e+02
-8.581573486328125000e+02
-8.738810424804687500e+02
-8.933045654296875000e+02
-8.768970947265625000e+02
-8.959205322265625000e+02
-8.655646972656250000e+02
-8.709769897460937500e+02
-8.998662109375000000e+02
-8.955252685546875000e+02
-8.959139404296875000e+02
-8.740388793945312500e+02
-8.805213623046875000e+02
-8.965026855468750000e+02
-8.644035034179687500e+02
-8.659706420898437500e+02
-8.751704101562500000e+02
-8.675010375976562500e+02
-8.674184570312500000e+02
-8.591622314453125000e+02
-8.727111816406250000e+02
-8.812166748046875000e+02
-8.598818359375000000e+02
-8.760316162109375000e+02
-9.074343261718750000e+02
-8.635363769531250000e+02
-8.637623291015625000e+02
-8.648998413085937500e+02
-8.784461669921875000e+02
-8.505626220703125000e+02
-8.956602783203125000e+02
-8.755413818359375000e+02
-8.548940429687500000e+02
-8.890753173828125000e+02
-9.072853393554687500e+02
-8.824228515625000000e+02
-8.648187866210937500e+02
-8.392728271484375000e+02
-8.753529663085937500e+02
-8.985017089843750000e+02
-8.576918945312500000e+02
-8.947117919921875000e+02
-8.597579345703125000e+02
-8.699566650390625000e+02
-8.530694580078125000e+02
-8.863562011718750000e+02
-8.726967773437500000e+02
-8.461818847656250000e+02
-8.756611328125000000e+02
-8.821929931640625000e+02
-8.945923461914062500e+02
-8.756691894531250000e+02
-8.736357421875000000e+02
-9.054232177734375000e+02
-8.551594238281250000e+02
-8.742313232421875000e+02
-9.215913085937500000e+02
-8.606055297851562500e+02
-8.525255126953125000e+02
-8.555375366210937500e+02
-8.697131958007812500e+02
-9.125619506835937500e+02
-9.246334838867187500e+02
-8.467210693359375000e+02
-8.970833740234375000e+02
-8.860134277343750000e+02
-9.001531982421875000e+02
-8.473402099609375000e+02
-8.769654541015625000e+02
-9.043535156250000000e+02
-8.860593872070312500e+02
-8.622589111328125000e+02
-8.880777587890625000e+02
-8.445427246093750000e+02
-8.889826049804687500e+02
-9.170523681640625000e+02
-8.613083496093750000e+02
-8.886767578125000000e+02
-8.986628417968750000e+02
-8.870513916015625000e+02
-9.196500244140625000e+02
-8.505053710937500000e+02
-8.901619262695312500e+02
-8.676398315429687500e+02
-8.870618896484375000e+02
-8.881307373046875000e+02
-8.914102783203125000e+02
-8.523684082031250000e+02
-8.547658691406250000e+02
-9.192736816406250000e+02
-9.009818725585937500e+02
-8.401358642578125000e+02
-9.092567138671875000e+02
-9.049116210937500000e+02
-8.939741210937500000e+02
-8.907565917968750000e+02
-8.639730834960937500e+02
-8.847036743164062500e+02
-8.545615234375000000e+02
-8.790496826171875000e+02
-8.837470092773437500e+02
-8.822738037109375000e+02
-8.482468872070312500e+02
-8.563308715820312500e+02
-8.323408203125000000e+02
-9.151375732421875000e+02
-8.956160278320312500e+02
-8.778522949218750000e+02
-8.946197509765625000e+02
-8.708900756835937500e+02
-8.862523193359375000e+02
-8.687663574218750000e+02
-8.923256835937500000e+02
-9.001948242187500000e+02
-8.446656494140625000e+02
-8.767563476562500000e+02
-8.663975830078125000e+02
-8.332203369140625000e+02
-8.651901855468750000e+02
-8.797220458984375000e+02
-8.581529541015625000e+02
-8.918024902343750000e+02
-8.511210937500000000e+02
-8.199874267578125000e+02
-8.976718139648437500e+02
-8.682754516601562500e+02
-8.703096923828125000e+02
-8.788604736328125000e+02
-8.788623046875000000e+02
-8.277170410156250000e+02
-8.740864257812500000e+02
-8.332517089843750000e+02
-8.414569091796875000e+02
-8.767113647460937500e+02
-8.491327514648437500e+02
-8.977846679687500000e+02
-8.907977905273437500e+02
-8.518634033203125000e+02
-8.518408203125000000e+02
-8.615761718750000000e+02
-8.832460937500000000e+02
-8.479512939453125000e+02
-8.969728393554687500e+02
-8.350211181640625000e+02
-8.994416503906250000e+02
-8.741110839843750000e+02
-8.772373657226562500e+02
-8.484065551757812500e+02
-8.744641113281250000e+02
-8.561314697265625000e+02
-8.615039672851562500e+02
-8.610218505859375000e+02
-8.619598388671875000e+02
-8.482938842773437500e+02
-8.787276611328125000e+02
-8.850421142578125000e+02
-8.357693481445312500e+02
-8.552239990234375000e+02
-8.789941406250000000e+02
-8.947287597656250000e+02
-9.284074707031250000e+02
-8.837592773437500000e+02
-8.779939575195312500e+02
-8.461941528320312500e+02
-8.767926025390625000e+02
-8.474032592773437500e+02
-8.866442260742187500e+02
-8.564598388671875000e+02
-8.082692871093750000e+02
-8.995827636718750000e+02
-8.657942504882812500e+02
-8.776400756835937500e+02
-8.533272094726562500e+02
-8.566275634765625000e+02
-8.752277832031250000e+02
-8.388717651367187500e+02
-8.502172851562500000e+02
-8.478291015625000000e+02
-8.895345458984375000e+02
-8.812590942382812500e+02
-8.658748168945312500e+02
-8.749329833984375000e+02
-8.482032470703125000e+02
-8.655218505859375000e+02
-8.509225463867187500e+02
-9.096815795898437500e+02
-8.906574707031250000e+02
-8.469957275390625000e+02
-8.418143310546875000e+02
-8.795431518554687500e+02
-8.968645629882812500e+02
-8.668760986328125000e+02
-8.352954101562500000e+02
-9.060653076171875000e+02
-8.870374755859375000e+02
-8.748828735351562500e+02
-8.754221191406250000e+02
-8.656539306640625000e+02
-8.596959228515625000e+02
-8.255981445312500000e+02
-8.534182128906250000e+02
-8.669035034179687500e+02
-8.920556640625000000e+02
-8.491240234375000000e+02
-8.812888183593750000e+02
-8.570792236328125000e+02
-8.908812255859375000e+02
-8.747160644531250000e+02
-8.329835205078125000e+02
-8.915026855468750000e+02
-8.461588134765625000e+02
-8.786607666015625000e+02
-8.513503417968750000e+02
-8.447338867187500000e+02
-8.657199096679687500e+02
-8.490166015625000000e+02
-8.376911621093750000e+02
-8.484001464843750000e+02
-8.721890869140625000e+02
-8.138289184570312500e+02
-8.770319824218750000e+02
-8.681607055664062500e+02
-8.110652465820312500e+02
-8.479692382812500000e+02
-8.670833740234375000e+02
-8.593302612304687500e+02
-9.001268310546875000e+02
-8.853837890625000000e+02
-8.511656494140625000e+02
-8.202930297851562500e+02
-8.392984008789062500e+02
-8.136055908203125000e+02
-8.457745361328125000e+02
-8.368885498046875000e+02
-8.687786865234375000e+02
-8.714914550781250000e+02
-8.320955810546875000e+02
-8.409350585937500000e+02
-8.548849487304687500e+02
-8.672107543945312500e+02
-8.524885253906250000e+02
-8.570487670898437500e+02
-8.420307006835937500e+02
-8.900354614257812500e+02
-8.923289184570312500e+02
-9.025627441406250000e+02
-8.608653564453125000e+02
-8.860157470703125000e+02
-8.706344604492187500e+02
-8.767028198242187500e+02
-8.363287963867187500e+02
-8.705368652343750000e+02
-8.752359619140625000e+02
-8.492392578125000000e+02
-8.575273437500000000e+02
-8.145678710937500000e+02
-8.621847534179687500e+02
-8.537572631835937500e+02
-8.184271240234375000e+02
-8.736918334960937500e+02
-8.640922241210937500e+02
-8.623462524414062500e+02
-8.854414672851562500e+02
-8.811548461914062500e+02
-8.526759643554687500e+02
-8.669573974609375000e+02
-8.637953491210937500e+02
-8.469702148437500000e+02
-8.515465087890625000e+02
-8.431392822265625000e+02
-8.707313232421875000e+02
-8.288875732421875000e+02
-8.412675781250000000e+02
-8.673732910156250000e+02
-8.735994873046875000e+02
-8.433062133789062500e+02
-8.493617553710937500e+02
-8.815295410156250000e+02
-8.420872192382812500e+02
-8.587856445312500000e+02
-8.769624023437500000e+02
-8.963196411132812500e+02
-8.647552490234375000e+02
-8.390449829101562500e+02
-8.163785400390625000e+02
-8.834537963867187500e+02
-8.425390625000000000e+02
-8.944004516601562500e+02
-8.537703857421875000e+02
-8.590993652343750000e+02
-8.318182373046875000e+02
-8.535858154296875000e+02
-8.600793457031250000e+02
-9.163095092773437500e+02
-8.307770996093750000e+02
-8.448100585937500000e+02
-8.428696289062500000e+02
-8.657477416992187500e+02
-8.698186035156250000e+02
-8.539844970703125000e+02
-8.445743408203125000e+02
-8.460437011718750000e+02
-8.718450317382812500e+02
-8.911298828125000000e+02
-8.456325683593750000e+02
-8.822178344726562500e+02
-8.822586669921875000e+02
-8.579112548828125000e+02
-8.528617553710937500e+02
-8.906043090820312500e+02
-8.524255371093750000e+02
-8.834854736328125000e+02
-8.865032958984375000e+02
-8.166042480468750000e+02
-8.615050048828125000e+02
-8.722321777343750000e+02
-8.662132568359375000e+02
-8.521254882812500000e+02
-8.579333496093750000e+02
-8.547019042968750000e+02
-8.404530029296875000e+02
-8.396331787109375000e+02
-9.036569213867187500e+02
-8.684362182617187500e+02
-8.189629516601562500e+02
-8.699021606445312500e+02
-8.713958129882812500e+02
-8.134158935546875000e+02
-8.729537353515625000e+02
-8.540927734375000000e+02
-8.558084716796875000e+02
-8.196533813476562500e+02
-8.788253173828125000e+02
-9.025640869140625000e+02
-8.576151733398437500e+02
-8.234642333984375000e+02
-8.774403076171875000e+02
-8.676373291015625000e+02
-8.519409179687500000e+02
-8.551489257812500000e+02
-8.594996337890625000e+02
-8.414911499023437500e+02
-8.381830444335937500e+02
-8.936594848632812500e+02
-8.321046142578125000e+02
-9.014215698242187500e+02
-8.831768798828125000e+02
-8.822062988281250000e+02
-8.749081420898437500e+02
-8.915604248046875000e+02
-8.931923217773437500e+02
-8.441109619140625000e+02
-8.482844238281250000e+02
-8.651892700195312500e+02
-8.746806640625000000e+02
-8.404825439453125000e+02
-8.492598876953125000e+02
-8.494820556640625000e+02
-8.540482788085937500e+02
-8.643660888671875000e+02
-8.861977539062500000e+02
-8.269268188476562500e+02
-8.502689208984375000e+02
-8.796235351562500000e+02
-8.726416015625000000e+02
-8.463586425781250000e+02
-8.737827148437500000e+02
-8.521812133789062500e+02
-8.782781982421875000e+02
-8.531976318359375000e+02
-8.739372558593750000e+02
-8.188737792968750000e+02
-8.374080810546875000e+02
-8.626731567382812500e+02
-8.969300537109375000e+02
-8.750321044921875000e+02
-8.866514892578125000e+02
-8.598532714843750000e+02
-8.490186767578125000e+02
-8.108120117187500000e+02
-8.534903564453125000e+02
-8.399477539062500000e+02
-8.450833129882812500e+02
-8.737019042968750000e+02
-8.435108642578125000e+02
-8.589496459960937500e+02
-8.537637939453125000e+02
-8.956526489257812500e+02
-8.257711181640625000e+02
-8.868835449218750000e+02
-8.440056762695312500e+02
-8.500651245117187500e+02
-8.555887451171875000e+02
-8.815416259765625000e+02
-8.652443847656250000e+02
-8.275236816406250000e+02
-8.355228271484375000e+02
-8.322750244140625000e+02
-8.783544311523437500e+02
-8.967423706054687500e+02
-8.825468750000000000e+02
-8.273507080078125000e+02
-8.694329833984375000e+02
-8.549926757812500000e+02
-8.586297607421875000e+02
-8.863710937500000000e+02
-8.301524047851562500e+02
-8.054013671875000000e+02
-8.423723144531250000e+02
-8.373285522460937500e+02
-8.383054199218750000e+02
-8.379550781250000000e+02
-8.982005004882812500e+02
-8.468892822265625000e+02
-8.307691650390625000e+02
-8.755575561523437500e+02
-8.566809082031250000e+02
-8.566837158203125000e+02
-8.603062133789062500e+02
-8.147787475585937500e+02
-8.854496459960937500e+02
-8.502414550781250000e+02
-8.437020874023437500e+02
-8.676524658203125000e+02
-8.300359497070312500e+02
-8.394429931640625000e+02
-8.812750854492187500e+02
-8.608271484375000000e+02
-8.695880126953125000e+02
-8.783132324218750000e+02
-8.635345458984375000e+02
-8.263798828125000000e+02
-8.499887695312500000e+02
-8.883088989257812500e+02
-8.489022216796875000e+02
-8.608126220703125000e+02
-8.308540649414062500e+02
-8.730759277343750000e+02
-8.930585937500000000e+02
-8.861842041015625000e+02
-8.616953735351562500e+02
-8.459183349609375000e+02
-9.266093750000000000e+02
-8.324279785156250000e+02
-8.686264648437500000e+02
-8.473598632812500000e+02
-8.156162719726562500e+02
-8.505825195312500000e+02
-8.568753662109375000e+02
-8.588863525390625000e+02
-8.579912719726562500e+02
-8.418222656250000000e+02
-8.376485595703125000e+02
-9.046390380859375000e+02
-8.389599609375000000e+02
-8.669748535156250000e+02
-8.497944335937500000e+02
-8.904759521484375000e+02
-8.797419433593750000e+02
-8.424821166992187500e+02
-8.806246948242187500e+02
-8.540418701171875000e+02
-8.594177856445312500e+02
-8.911933593750000000e+02
-8.359053955078125000e+02
-8.816602783203125000e+02
-8.439562377929687500e+02
-8.123386230468750000e+02
-8.773542480468750000e+02
-8.442295532226562500e+02
-8.574593505859375000e+02
-8.467808837890625000e+02
-8.406505126953125000e+02
-8.500111083984375000e+02
-8.778878173828125000e+02
-8.283559570312500000e+02
-8.539702148437500000e+02
-8.638233642578125000e+02
-8.103405761718750000e+02
-8.227656860351562500e+02
-8.336505126953125000e+02
-8.567442016601562500e+02
-8.650992431640625000e+02
-8.458831787109375000e+02
-8.705717163085937500e+02
-8.628216552734375000e+02
-8.566549072265625000e+02
-8.409888916015625000e+02
-9.001096191406250000e+02
-8.616849975585937500e+02
-8.599518432617187500e+02
-8.113013305664062500e+02
-9.022569580078125000e+02
-8.808614501953125000e+02
-8.868251953125000000e+02
-8.394711914062500000e+02
-8.497777709960937500e+02
-8.657692871093750000e+02
-8.669033203125000000e+02
-8.369494628906250000e+02
-8.518787841796875000e+02
-8.754583740234375000e+02
-8.446121826171875000e+02
-8.395544433593750000e+02
-8.467717285156250000e+02
-8.452683715820312500e+02
-8.856743774414062500e+02
-8.473358154296875000e+02
-8.440828247070312500e+02
-8.560964355468750000e+02
-8.501701660156250000e+02
-8.571723632812500000e+02
-8.638148193359375000e+02
-8.687089843750000000e+02
-8.307120971679687500e+02
-8.701723632812500000e+02
-8.527515258789062500e+02
-8.290031738281250000e+02
-8.550895996093750000e+02
-8.876317138671875000e+02
-8.996500244140625000e+02
-8.174749145507812500e+02
-8.561607055664062500e+02
-8.489103393554687500e+02
-8.757774658203125000e+02
-8.747531738281250000e+02
-8.325772705078125000e+02
-8.517443847656250000e+02
-8.569927978515625000e+02
-8.473629760742187500e+02
-8.352459106445312500e+02
-8.667733154296875000e+02
-8.782120361328125000e+02
-8.258901367187500000e+02
-8.763676757812500000e+02
-8.647402343750000000e+02
-8.373701171875000000e+02
-8.431072998046875000e+02
-8.940436401367187500e+02
-8.366010742187500000e+02
-8.773100585937500000e+02
-8.196258544921875000e+02
-8.562386474609375000e+02
-8.337716064453125000e+02
-8.497115478515625000e+02
-8.759826660156250000e+02
-8.533688964843750000e+02
-8.586392822265625000e+02
-8.228894042968750000e+02
-8.563891601562500000e+02
-8.448903808593750000e+02
-8.647526855468750000e+02
-8.319101562500000000e+02
-8.896662597656250000e+02
-8.444993896484375000e+02
-8.664624023437500000e+02
-8.391696777343750000e+02
-8.455317382812500000e+02
-8.677646484375000000e+02
-8.501386718750000000e+02
-8.590452880859375000e+02
-8.759824218750000000e+02
-8.147574462890625000e+02
-8.370214843750000000e+02
-9.003065795898437500e+02
-8.417847900390625000e+02
-8.161156005859375000e+02
-8.358020019531250000e+02
-8.344533691406250000e+02
-8.356359252929687500e+02
-8.771784667968750000e+02
-8.625598144531250000e+02
-8.273697509765625000e+02
-8.548699951171875000e+02
-8.133906250000000000e+02
-8.929737548828125000e+02
-8.438366088867187500e+02
-8.461660156250000000e+02
-8.789483642578125000e+02
-8.498748168945312500e+02
-8.168353271484375000e+02
-8.205275878906250000e+02
-8.456032714843750000e+02
-8.879006347656250000e+02
-8.226746826171875000e+02
-8.841887817382812500e+02
-8.800939941406250000e+02
-8.393023071289062500e+02
-8.552185058593750000e+02
-8.965156250000000000e+02
-8.570037841796875000e+02
-8.669912109375000000e+02
-8.834100952148437500e+02
-8.358415527343750000e+02
-8.491796875000000000e+02
-8.468184204101562500e+02
-8.321627807617187500e+02
-8.635435791015625000e+02
-8.819199218750000000e+02
-8.606768798828125000e+02
-8.209571533203125000e+02
-8.671534423828125000e+02
-8.638129882812500000e+02
-8.450109252929687500e+02
-8.669626464843750000e+02
-8.707214355468750000e+02
-8.601713256835937500e+02
-8.908765258789062500e+02
-8.327886352539062500e+02
-8.493288574218750000e+02
-8.475407104492187500e+02
-8.443278808593750000e+02
-8.779913330078125000e+02
-8.832671508789062500e+02
-8.371793212890625000e+02
-8.675219726562500000e+02
-8.646864013671875000e+02
-8.784199829101562500e+02
-8.556151123046875000e+02
-8.679539794921875000e+02
-8.501065673828125000e+02
-8.615556640625000000e+02
-8.512200927734375000e+02
-8.556148681640625000e+02
-8.691313476562500000e+02
-8.596028442382812500e+02
-8.446759033203125000e+02
-8.289826049804687500e+02
-8.706279296875000000e+02
-8.507369384765625000e+02
-8.833673095703125000e+02
-8.177867431640625000e+02
-8.378629150390625000e+02
-8.693527832031250000e+02
-8.725450439453125000e+02
-8.770758056640625000e+02
-8.278735351562500000e+02
-8.720063476562500000e+02
-8.168878173828125000e+02
-8.403725585937500000e+02
-9.075596923828125000e+02
-8.609111328125000000e+02
-8.828754272460937500e+02
-8.330468139648437500e+02
-8.737187500000000000e+02
-8.442442626953125000e+02
-8.304626464843750000e+02
-8.729666137695312500e+02
-8.792499389648437500e+02
-8.293212890625000000e+02
-8.557211914062500000e+02
-8.583427734375000000e+02
-8.988874511718750000e+02
-8.647512207031250000e+02
-8.523480224609375000e+02
-8.746400756835937500e+02
-8.579587402343750000e+02
-8.133034667968750000e+02
-8.541312255859375000e+02
-8.738751220703125000e+02
-8.469632568359375000e+02
-8.800142822265625000e+02
-8.830703125000000000e+02
-8.539587402343750000e+02
-8.508762207031250000e+02
-8.839976806640625000e+02
-8.215428466796875000e+02
-8.218568115234375000e+02
-8.741409912109375000e+02
-8.917012939453125000e+02
-8.861677856445312500e+02
-8.287438964843750000e+02
-8.523158569335937500e+02
-8.721567382812500000e+02
-8.561339721679687500e+02
-8.472545166015625000e+02
-8.589499511718750000e+02
-8.651358032226562500e+02
-8.592464599609375000e+02
-8.796228027343750000e+02
-8.416130981445312500e+02
-8.262729492187500000e+02
-8.588443603515625000e+02
-8.551386718750000000e+02
-8.176745605468750000e+02
-8.520579833984375000e+02
-8.647061767578125000e+02
-8.713826904296875000e+02
-8.753157348632812500e+02
-8.426944580078125000e+02
-8.625867309570312500e+02
-8.194851684570312500e+02
-8.785384521484375000e+02
-8.351395263671875000e+02
-8.135299682617187500e+02
-8.249984130859375000e+02
-8.349821777343750000e+02
-8.302056274414062500e+02
-8.282930908203125000e+02
-8.802175292968750000e+02
-8.374211425781250000e+02
-8.676831054687500000e+02
-8.689368896484375000e+02
-8.363555908203125000e+02
-8.571846923828125000e+02
-8.836314697265625000e+02
-8.555935058593750000e+02
-8.306724853515625000e+02
-8.888380126953125000e+02
-8.990119018554687500e+02
-8.438394775390625000e+02
-8.635324707031250000e+02
-8.463970947265625000e+02
-8.671018676757812500e+02
-8.721949462890625000e+02
-8.503935546875000000e+02
-8.696895751953125000e+02
-8.713580322265625000e+02
-8.858938598632812500e+02
-8.498198852539062500e+02
-8.579370117187500000e+02
-8.644670410156250000e+02
-8.760874023437500000e+02
-8.397764892578125000e+02
-8.295196533203125000e+02
-8.648947143554687500e+02
-8.585185546875000000e+02
-8.316058349609375000e+02
-8.976427001953125000e+02
-8.443082275390625000e+02
-8.761378784179687500e+02
-8.566186523437500000e+02
-8.544384765625000000e+02
-8.433071289062500000e+02
-8.741712646484375000e+02
-8.415514526367187500e+02
-8.446690673828125000e+02
-8.370477294921875000e+02
-8.450902099609375000e+02
-8.536138916015625000e+02
-8.195632934570312500e+02
-8.819770507812500000e+02
-8.115329589843750000e+02
-8.331585083007812500e+02
-8.149035034179687500e+02
-8.545900878906250000e+02
-8.773220825195312500e+02
-8.369277343750000000e+02
-8.397518310546875000e+02
-8.331351318359375000e+02
-8.546773681640625000e+02
-8.593516845703125000e+02
-8.334942626953125000e+02
-8.458557739257812500e+02
-8.384405517578125000e+02
-8.513660888671875000e+02
-8.470680541992187500e+02
-8.607896728515625000e+02
-8.445366210937500000e+02
-8.467425537109375000e+02
-8.342587890625000000e+02
-8.289099121093750000e+02
-8.652419433593750000e+02
-8.300217285156250000e+02
-8.770507812500000000e+02
-8.131746826171875000e+02
-8.452254638671875000e+02
-8.707814331054687500e+02
-8.863275146484375000e+02
-8.498521118164062500e+02
-8.557986450195312500e+02
-8.910707397460937500e+02
-8.526268310546875000e+02
-8.589308471679687500e+02
-8.249742431640625000e+02
-8.439439697265625000e+02
-8.700889892578125000e+02
-8.601328125000000000e+02
-8.253113403320312500e+02
-8.687056274414062500e+02
-8.488660888671875000e+02
-8.350834350585937500e+02
-8.784018554687500000e+02
-8.521705932617187500e+02
-8.714722900390625000e+02
-8.532963867187500000e+02
-8.607449951171875000e+02
-8.392410888671875000e+02
-8.647949218750000000e+02
-8.355717773437500000e+02
-8.354131469726562500e+02
-8.620623779296875000e+02
-8.614771728515625000e+02
-8.678817138671875000e+02
-8.355849609375000000e+02
-8.503201904296875000e+02
-8.751335449218750000e+02
-8.818856201171875000e+02
-8.256223754882812500e+02
-8.732409667968750000e+02
-8.239893188476562500e+02
-8.520736694335937500e+02
-8.510582275390625000e+02
-8.405702514648437500e+02
-8.338151245117187500e+02
-8.420223999023437500e+02
-8.787653808593750000e+02
-8.286710815429687500e+02
-8.604579467773437500e+02
-8.398781127929687500e+02
-8.466539306640625000e+02
-8.593440551757812500e+02
-8.679657592773437500e+02
-8.331391601562500000e+02
-8.884353027343750000e+02
-8.163884887695312500e+02
-8.319326171875000000e+02
-8.294299926757812500e+02
-8.130303955078125000e+02
-8.383699951171875000e+02
-8.425473632812500000e+02
-8.532005004882812500e+02
-8.158342285156250000e+02
-8.370145263671875000e+02
-8.449856567382812500e+02
-8.178063964843750000e+02
-8.287308959960937500e+02
-8.615346679687500000e+02
-8.224314575195312500e+02
-9.028392333984375000e+02
-8.651827392578125000e+02
-8.470490722656250000e+02
-8.810226440429687500e+02
-8.870225830078125000e+02
-8.304827880859375000e+02
-7.955422973632812500e+02
-8.171241455078125000e+02
-8.534992065429687500e+02
-8.408402099609375000e+02
-8.556799316406250000e+02
-8.289443969726562500e+02
-8.672465820312500000e+02
-8.545156250000000000e+02
-8.314869384765625000e+02
-8.551596679687500000e+02
-8.650560302734375000e+02
-8.274002075195312500e+02
-8.568172607421875000e+02
-8.650321044921875000e+02
-8.407505493164062500e+02
-8.669517211914062500e+02
-8.468786621093750000e+02
-8.666598510742187500e+02
-8.428067626953125000e+02
-8.738630371093750000e+02
-8.830916748046875000e+02
-8.373564453125000000e+02
-8.702545166015625000e+02
-8.689884643554687500e+02
-8.396514282226562500e+02
-8.587860717773437500e+02
-8.452295532226562500e+02
-8.555018310546875000e+02
-8.230964965820312500e+02
-8.627974853515625000e+02
-8.511340332031250000e+02
-8.382670898437500000e+02
-8.496387329101562500e+02
-8.547327880859375000e+02
-8.493843994140625000e+02
-8.591929931640625000e+02
-8.632360839843750000e+02
-8.476937866210937500e+02
-8.797849121093750000e+02
-8.302332763671875000e+02
-8.679259033203125000e+02
-8.389074096679687500e+02
-8.751785278320312500e+02
-8.496235351562500000e+02
-8.359366455078125000e+02
-8.603677978515625000e+02
-8.500882568359375000e+02
-8.573881835937500000e+02
-8.240163574218750000e+02
-8.594442138671875000e+02
-8.880551757812500000e+02
-8.634540405273437500e+02
-8.096120605468750000e+02
-8.613170776367187500e+02
-8.508406982421875000e+02
-8.596005859375000000e+02
-8.589738769531250000e+02
-8.328924560546875000e+02
-8.485750122070312500e+02
-8.431472778320312500e+02
-8.472909545898437500e+02
-8.596536254882812500e+02
-8.599838867187500000e+02
-8.452976074218750000e+02
-8.727648925781250000e+02
-8.593768920898437500e+02
-8.612847900390625000e+02
-8.612320556640625000e+02
-8.514011840820312500e+02
-8.004799804687500000e+02
-8.185795288085937500e+02
-8.517015991210937500e+02
-8.524102783203125000e+02
-8.299749755859375000e+02
-8.305987548828125000e+02
-8.691596679687500000e+02
-8.636132812500000000e+02
-8.051478881835937500e+02
-8.397691650390625000e+02
-8.775485839843750000e+02
-8.890416259765625000e+02
-8.867125854492187500e+02
-8.764596557617187500e+02
-8.730433349609375000e+02
-8.238416748046875000e+02
-8.332974853515625000e+02
-8.249935302734375000e+02
-8.495388793945312500e+02
-8.545012207031250000e+02
-8.405968017578125000e+02
-8.663688964843750000e+02
-8.265161132812500000e+02
-8.494889526367187500e+02
-8.344769287109375000e+02
nan
-8.453231201171875000e+02
-8.665925903320312500e+02
-8.471370239257812500e+02
-8.295098876953125000e+02
-8.279367065429687500e+02
-8.570844726562500000e+02
-8.284608764648437500e+02
-8.250924682617187500e+02
-8.465550537109375000e+02
-8.709826049804687500e+02
-8.649822387695312500e+02
-8.434761352539062500e+02
-8.282457885742187500e+02
-8.166722412109375000e+02
-8.443348388671875000e+02
-8.230573730468750000e+02
-8.420203857421875000e+02
-8.594556274414062500e+02
-8.446964111328125000e+02
-8.425335083007812500e+02
-8.297254638671875000e+02
-8.684384155273437500e+02
-8.592717285156250000e+02
-8.277725830078125000e+02
-9.032821044921875000e+02
-8.594153442382812500e+02
-8.928509521484375000e+02
-8.575270385742187500e+02
-8.202515869140625000e+02
-8.312578125000000000e+02
-8.385128173828125000e+02
-8.833067626953125000e+02
-8.270616455078125000e+02
-8.032814941406250000e+02
-8.556605224609375000e+02
-8.211179809570312500e+02
-8.726856689453125000e+02
-8.622445068359375000e+02
-8.746293945312500000e+02
nan
-8.736928100585937500e+02
-8.491789550781250000e+02
-8.256174316406250000e+02
-8.479782104492187500e+02
-8.270405883789062500e+02
-8.355031738281250000e+02
-8.485532226562500000e+02
-8.590304565429687500e+02
-8.839180908203125000e+02
-inf
-8.398804931640625000e+02
-8.891275634765625000e+02
-8.400768432617187500e+02
-8.570650634765625000e+02
-8.766308593750000000e+02
-8.529360961914062500e+02
-8.642103271484375000e+02
-8.794583740234375000e+02
-8.445336914062500000e+02
-8.305744628906250000e+02
-9.007739257812500000e+02
-8.192006225585937500e+02
-8.274031372070312500e+02
-8.730423583984375000e+02
-8.366936035156250000e+02
-8.491018066406250000e+02
nan
-8.302365722656250000e+02
-8.590254516601562500e+02
-8.184876708984375000e+02
-8.395501708984375000e+02
-8.730024414062500000e+02
-8.886020507812500000e+02
-8.474313354492187500e+02
-8.504628906250000000e+02
-8.424234619140625000e+02
-8.424488525390625000e+02
-8.425678710937500000e+02
-8.508419189453125000e+02
-8.362958984375000000e+02
-8.582121582031250000e+02
-8.446644598625549634e+02
-8.417647705078125000e+02
-8.723060302734375000e+02
-8.432999877929687500e+02
-8.489075927734375000e+02
-8.125815429687500000e+02
-8.486004638671875000e+02
-8.629285888671875000e+02
-8.274736938476562500e+02
nan
-8.641068115234375000e+02
-8.852755126953125000e+02
-8.375569458007812500e+02
-8.763598632812500000e+02
-8.559365234375000000e+02
-8.404468383789062500e+02
-8.746314697265625000e+02
nan
-8.147988891601562500e+02
nan
-8.561051635742187500e+02
nan
-8.405919189453125000e+02
-8.494083862304687500e+02
-8.523472290039062500e+02
-8.674137573242187500e+02
nan
-8.907885742187500000e+02
-8.527486572265625000e+02
-8.744652099609375000e+02
-8.079049072265625000e+02
-8.206710815429687500e+02
nan
-8.752608642578125000e+02
-8.193041992187500000e+02
-8.544569091796875000e+02
-8.575412597656250000e+02
nan
-8.350184326171875000e+02
-8.037213134765625000e+02
-8.719729614257812500e+02
-8.415440673828125000e+02
-8.561791800600043416e+02
-8.552004394531250000e+02
-8.687111816406250000e+02
nan
-8.296494140625000000e+02
-8.433992919921875000e+02
-8.253773193359375000e+02
-8.551848144531250000e+02
-8.735382080078125000e+02
-8.698177490234375000e+02
-8.459357910156250000e+02
-8.556330566406250000e+02
-8.639202880859375000e+02
-8.631680297851562500e+02
-8.531241455078125000e+02
-8.644176025390625000e+02
-8.345590820312500000e+02
-inf
-8.489979248046875000e+02
-7.914269615642415374e+02
nan
-8.572113037109375000e+02
-8.301534423828125000e+02
nan
nan
-8.397547607421875000e+02
-8.493594970703125000e+02
-8.786411743164062500e+02
-8.676223144531250000e+02
-8.674605102539062500e+02
-8.929312133789062500e+02
-8.506966552734375000e+02
-8.469050903320312500e+02
-8.371011352539062500e+02
-8.405161132812500000e+02
nan
nan
-8.497137451171875000e+02
-8.592384643554687500e+02
-8.074294433593750000e+02
-8.704140625000000000e+02
-8.295725708007812500e+02
-8.581774902343750000e+02
-8.491145019531250000e+02
nan
-8.406333618164062500e+02
-8.718785400390625000e+02
-8.379318847656250000e+02
-8.576531982421875000e+02
nan
-8.577067871093750000e+02
-8.487704467773437500e+02
nan
-8.599625244140625000e+02
-8.665864257812500000e+02
-8.254931030273437500e+02
nan
-inf
-8.188840332031250000e+02
-8.401304931640625000e+02
-8.671664428710937500e+02
-8.240272216796875000e+02
-8.334971313476562500e+02
-8.691484375000000000e+02
-8.402094726562500000e+02
-8.734053955078125000e+02
-8.414270629882812500e+02
-8.828948974609375000e+02
-8.768836669921875000e+02
-8.831837158203125000e+02
nan
-inf
-8.549299316406250000e+02
nan
-8.716726684570312500e+02
-8.320883789062500000e+02
-8.470950927734375000e+02
-8.222352905273437500e+02
nan
-8.619847412109375000e+02
-8.626540527343750000e+02
-8.476112060546875000e+02
-8.423918457031250000e+02
-8.111166381835937500e+02
-8.386407470703125000e+02
nan
-8.296618652343750000e+02
-inf
-8.657816772460937500e+02
-8.091224365234375000e+02
-8.424581946876112397e+02
nan
-inf
nan
-8.267295400052282730e+02
-8.273179321289062500e+02
-8.496450195312500000e+02
-8.440234985351562500e+02
-inf
nan
-8.073264160156250000e+02
-8.423853149414062500e+02
-8.585581054687500000e+02
-8.210313720703125000e+02
-8.535894165039062500e+02
nan
-8.523446655273437500e+02
-inf
-inf
-inf
-8.729686279296875000e+02
nan
-8.029654134674574379e+02
nan
nan
-inf
-8.360460205078125000e+02
-inf
nan
-8.597767944335937500e+02
-8.358813476562500000e+02
-8.665201416015625000e+02
-8.332003784179687500e+02
nan
nan
-inf
-8.636124267578125000e+02
nan
nan
-8.590736083984375000e+02
-8.381665039062500000e+02
-8.600921630859375000e+02
nan
-8.558004150390625000e+02
nan
-8.917385864257812500e+02
-8.260914306640625000e+02
nan
-8.688544311523437500e+02
-8.350623779296875000e+02
-inf
-8.572205810546875000e+02
-8.397833862304687500e+02
nan
-8.672382812500000000e+02
nan
nan
-8.704979858398437500e+02
nan
nan
-inf
-8.740426025390625000e+02
nan
nan
nan
-inf
nan
-8.450520629882812500e+02
nan
nan
nan
nan
-8.681791992187500000e+02
-8.520348383643324723e+02
-inf
-inf
nan
nan
nan
-8.790657208518557582e+02
nan
nan
nan
nan
nan
nan
-inf
nan
nan
nan
nan
-inf
nan
nan
nan
nan
-9.070031738281250000e+02
nan
nan
nan
-inf
nan
nan
-8.649249267578125000e+02
nan
nan
nan
nan
nan
nan
nan
nan
nan
nan
-inf
nan
nan
nan
nan
nan
nan
nan
nan
nan
nan
nan
nan
nan
nan
nan
nan
nan
nan
nan
nan
nan
nan
nan
nan
nan
-8.767946777343750000e+02
nan
nan
nan
nan
nan
nan
nan
nan
nan
nan
nan
nan
nan
nan
nan
nan
nan
nan
nan
nan
nan
nan
nan
nan
nan
nan
nan
nan
nan
nan
nan
nan
nan
nan
nan
nan
nan
nan
nan
nan
nan
nan
nan
nan
nan
nan
nan
nan
nan
nan
nan
nan
-inf
nan
nan
nan
nan
nan
nan
nan
nan
nan
nan
nan
nan
nan
nan
nan
nan
nan
nan
nan
nan
nan
nan
nan
nan
nan
nan
nan
nan
nan
nan
nan
nan
nan
nan
nan
nan
nan
nan
nan
nan
nan
nan
nan
nan
nan
nan
nan
nan
nan
nan
nan
nan
nan
nan
nan
nan
nan
nan
nan
nan
nan
nan
nan
nan
nan
nan
nan
nan
nan
nan
nan
nan
nan
nan
nan
nan
nan
nan
nan
nan
nan
nan
nan
nan
nan
nan
nan
nan
nan
nan
nan
nan
nan
nan
nan
nan
nan
nan
nan
nan
nan
nan
nan
nan
nan
nan
nan
nan
nan
nan
nan
nan
nan
nan
nan
nan
nan
nan
nan
nan
nan
nan
nan
nan
nan
nan
nan
nan
nan
nan
nan
nan
nan
nan
nan
nan
nan
nan
nan
nan
nan
nan
nan
nan
nan
nan
nan
nan
nan
nan
nan
nan
nan
nan
nan
nan
nan
nan
nan
nan
nan
nan
nan
nan
nan
nan
nan
nan
nan
nan
nan
nan
nan
nan
nan
nan
nan
-inf
nan
nan
nan
nan
nan
nan
nan
nan
nan
nan
nan
nan
nan
nan
nan
nan
nan
nan
nan
-inf
-inf
-inf
nan
nan
nan
nan
nan
nan
nan
nan
nan
nan
-inf
nan
nan
nan
nan
nan
nan
-inf
nan
nan
-inf
nan
-inf
nan
nan
nan
nan
nan
-inf
nan
nan
-inf
nan
-inf
nan
nan
nan
nan
nan
nan
nan
nan
-inf
-inf
-inf
nan
nan
nan
nan
nan
nan
nan
nan
nan
-inf
nan
nan
nan
nan
nan
nan
-inf
nan
-inf
nan
nan
nan
nan
-inf
-inf
nan
-inf
nan
-inf
-inf
-inf
nan
nan
nan
-inf
nan
nan
nan
nan
-inf
nan
-inf
nan
nan
-inf
-inf
nan
-inf
-inf
-inf
-inf
nan
nan
-inf
nan
-inf
-inf
-inf
nan
-inf
-inf
nan
nan
nan
nan
-inf
nan
nan
-inf
nan
-inf
nan
-inf
-inf
nan
-inf
nan
nan
nan
-inf
nan
-inf
-inf
-inf
nan
nan
-inf
-inf
nan
-inf
-inf
-inf
nan
nan
-inf
-inf
nan
-inf
-inf
-inf
nan
nan
-inf
-inf
nan
nan
-inf
nan
nan
-inf
-inf
-inf
-inf
-inf
-inf
-inf
-inf
nan
nan
-inf
nan
nan
-inf
-inf
-inf
-inf
-inf
nan
nan
nan
nan
-inf
-inf
-inf
-inf
-inf
-inf
nan
-inf
-inf
-inf
-inf
-inf
-inf
-inf
-inf
-inf
-inf
-inf
nan
-inf
-inf
nan
-inf
-inf
-inf
nan
nan
-inf
-inf
nan
nan
nan
nan
nan
nan
nan
nan
-inf
nan
-inf
-inf
nan
-inf
nan
nan
nan
-inf
-inf
nan
-inf
nan
nan
-inf
nan
-inf
-inf
-inf
-inf
nan
nan
-inf
nan
-inf
nan
-inf
nan
nan
-inf
-inf
-inf
nan
-inf
-9.672721853728941142e+02
nan
nan
-inf
-inf
-inf
-inf
-inf
-9.672721853728941142e+02
-inf
nan
-inf
-inf
nan
-inf
nan
-inf
-inf
nan
nan
-inf
-inf
-inf
-inf
-inf
-inf
-inf
-inf
nan
nan
-inf
-inf
-inf
nan
nan
nan
-inf
nan
nan
-inf
-inf
-inf
-inf
nan
-inf
-inf
-9.672721853728941142e+02
-inf
-inf
-inf
-inf
nan
-9.672721853728941142e+02
-inf
nan
nan
-9.672721853728941142e+02
-inf
nan
nan
-inf
-inf
-inf
-inf
nan
-inf
nan
-inf
-inf
-inf
nan
nan
nan
nan
-inf
nan
-inf
-inf
nan
-inf
-inf
nan
-inf
-inf
nan
-inf
nan
nan
nan
nan
-inf
-inf
-inf
nan
-inf
-inf
-inf
-inf
-inf
nan
-inf
nan
-inf
-inf
-inf
-inf
-inf
-inf
-inf
-inf
-inf
nan
nan
-inf
-inf
-inf
nan
-inf
-inf
-inf
-inf
-inf
nan
-inf
-inf
-inf
-9.678878286636439725e+02
-inf
nan
-inf
nan
-inf
nan
-inf
-inf
-inf
-inf
-inf
nan
-inf
nan
-inf
-inf
-inf
-inf
-inf
-inf
-inf
-inf
-inf
nan
-inf
-inf
-inf
-inf
-inf
nan
-inf
-inf
-inf
nan
-inf
-9.672721853728941142e+02
nan
nan
nan
-inf
-inf
-inf
nan
nan
nan
nan
nan
nan
-inf
-inf
nan
nan
-inf
nan
nan
-inf
-inf
-inf
-inf
-inf
-inf
nan
