9.082000000000000073e-01
9.063999999999999835e-01
9.045999999999999597e-01
9.028000000000000469e-01
9.010000000000000231e-01
8.991999999999999993e-01
8.973999999999999755e-01
8.955999999999999517e-01
8.938000000000000389e-01
8.920000000000000151e-01
8.901999999999999913e-01
8.883999999999999675e-01
8.866000000000000547e-01
8.848000000000000309e-01
8.830000000000000071e-01
8.811999999999999833e-01
8.793999999999999595e-01
8.775999999999999357e-01
8.758000000000000229e-01
8.739999999999999991e-01
8.721999999999999753e-01
8.704000000000000625e-01
8.686000000000000387e-01
8.668000000000000149e-01
8.649999999999999911e-01
8.631999999999999673e-01
8.613999999999999435e-01
8.596000000000000307e-01
8.578000000000000069e-01
8.559999999999999831e-01
8.541999999999999593e-01
8.524000000000000465e-01
8.506000000000000227e-01
8.487999999999999989e-01
8.469999999999999751e-01
8.451999999999999513e-01
8.434000000000000385e-01
8.416000000000000147e-01
8.397999999999999909e-01
8.379999999999999671e-01
8.362000000000000544e-01
8.344000000000000306e-01
8.326000000000000068e-01
8.307999999999999829e-01
