2.000000000000000096e-04
2.000000000000000096e-04
2.000000000000000096e-04
2.000000000000000096e-04
2.000000000000000096e-04
2.000000000000000096e-04
2.000000000000000096e-04
2.000000000000000096e-04
2.000000000000000096e-04
2.000000000000000096e-04
2.000000000000000096e-04
2.000000000000000096e-04
2.000000000000000096e-04
2.000000000000000096e-04
2.000000000000000096e-04
2.000000000000000096e-04
2.000000000000000096e-04
2.000000000000000096e-04
2.000000000000000096e-04
2.000000000000000096e-04
2.000000000000000096e-04
2.000000000000000096e-04
2.000000000000000096e-04
2.000000000000000096e-04
2.000000000000000096e-04
2.000000000000000096e-04
2.000000000000000096e-04
2.000000000000000096e-04
2.000000000000000096e-04
2.000000000000000096e-04
2.000000000000000096e-04
2.000000000000000096e-04
2.000000000000000096e-04
2.000000000000000096e-04
2.000000000000000096e-04
2.000000000000000096e-04
2.000000000000000096e-04
2.000000000000000096e-04
2.000000000000000096e-04
2.000000000000000096e-04
2.000000000000000096e-04
2.000000000000000096e-04
2.000000000000000096e-04
2.000000000000000096e-04
