1.636904761904762040e+01
1.623255813953488413e+01
1.642045454545454675e+01
1.623595505617977608e+01
1.645054945054944895e+01
1.641935483870967616e+01
1.634042553191489233e+01
1.651041666666666785e+01
1.640816326530612201e+01
1.644444444444444287e+01
1.685999999999999943e+01
1.705000000000000071e+01
1.676999999999999957e+01
1.653999999999999915e+01
1.628999999999999915e+01
1.596000000000000085e+01
1.541999999999999993e+01
1.516000000000000014e+01
1.509999999999999964e+01
1.525000000000000000e+01
1.567999999999999972e+01
1.564000000000000057e+01
1.617000000000000171e+01
1.593999999999999950e+01
1.605000000000000071e+01
1.625000000000000000e+01
1.619000000000000128e+01
1.607000000000000028e+01
1.588000000000000078e+01
1.612999999999999901e+01
1.666000000000000014e+01
1.630000000000000071e+01
1.635999999999999943e+01
1.632000000000000028e+01
1.619999999999999929e+01
1.639999999999999858e+01
1.644000000000000128e+01
1.680000000000000071e+01
1.707999999999999829e+01
1.701999999999999957e+01
1.694999999999999929e+01
1.735000000000000142e+01
1.712999999999999901e+01
1.694000000000000128e+01
