1.614285714285714235e+01
1.597674418604651159e+01
1.626136363636363669e+01
1.658426966292134708e+01
1.674725274725274815e+01
1.696774193548387188e+01
1.720212765957446877e+01
1.716666666666666785e+01
1.719387755102040671e+01
1.707070707070706916e+01
1.683999999999999986e+01
1.698000000000000043e+01
1.716000000000000014e+01
1.721000000000000085e+01
1.744000000000000128e+01
1.728999999999999915e+01
1.719999999999999929e+01
1.730000000000000071e+01
1.723000000000000043e+01
1.753000000000000114e+01
1.753999999999999915e+01
1.762999999999999901e+01
1.742999999999999972e+01
1.708999999999999986e+01
1.714999999999999858e+01
1.707000000000000028e+01
1.723000000000000043e+01
1.721999999999999886e+01
1.725000000000000000e+01
1.719000000000000128e+01
1.753999999999999915e+01
1.730999999999999872e+01
1.700000000000000000e+01
1.714000000000000057e+01
1.710999999999999943e+01
1.760999999999999943e+01
1.773999999999999844e+01
1.792999999999999972e+01
1.821000000000000085e+01
1.814999999999999858e+01
1.757999999999999829e+01
1.794999999999999929e+01
1.805999999999999872e+01
1.823999999999999844e+01
1.823000000000000043e+01
1.821000000000000085e+01
1.825000000000000000e+01
1.907999999999999829e+01
1.944999999999999929e+01
2.055000000000000071e+01
2.067000000000000171e+01
2.123000000000000043e+01
2.126999999999999957e+01
2.196000000000000085e+01
2.185999999999999943e+01
2.192000000000000171e+01
2.235999999999999943e+01
2.246000000000000085e+01
2.267000000000000171e+01
2.280000000000000071e+01
2.300000000000000000e+01
2.366000000000000014e+01
2.389999999999999858e+01
2.360999999999999943e+01
2.387999999999999901e+01
2.416000000000000014e+01
2.401000000000000156e+01
2.453999999999999915e+01
2.503999999999999915e+01
2.510999999999999943e+01
2.601000000000000156e+01
2.605000000000000071e+01
2.642000000000000171e+01
2.644000000000000128e+01
2.676000000000000156e+01
2.705999999999999872e+01
2.705999999999999872e+01
2.757000000000000028e+01
2.825000000000000000e+01
2.864999999999999858e+01
2.912999999999999901e+01
2.969000000000000128e+01
3.116000000000000014e+01
3.135999999999999943e+01
3.225000000000000000e+01
3.314000000000000057e+01
3.327000000000000313e+01
3.382999999999999829e+01
3.432999999999999829e+01
3.471000000000000085e+01
3.588000000000000256e+01
3.610000000000000142e+01
3.638000000000000256e+01
3.718999999999999773e+01
3.765999999999999659e+01
3.792000000000000171e+01
3.867000000000000171e+01
3.929999999999999716e+01
3.934000000000000341e+01
4.017000000000000171e+01
4.115999999999999659e+01
4.131000000000000227e+01
4.164999999999999858e+01
4.242999999999999972e+01
4.254999999999999716e+01
4.297999999999999687e+01
4.370000000000000284e+01
4.415999999999999659e+01
4.424000000000000199e+01
4.472999999999999687e+01
4.471999999999999886e+01
4.465999999999999659e+01
4.525999999999999801e+01
4.593999999999999773e+01
4.621000000000000085e+01
4.731000000000000227e+01
4.736999999999999744e+01
4.806000000000000227e+01
4.890999999999999659e+01
4.909000000000000341e+01
4.950000000000000000e+01
4.982000000000000028e+01
4.971999999999999886e+01
5.182000000000000028e+01
5.267000000000000171e+01
5.267999999999999972e+01
5.350999999999999801e+01
5.399000000000000199e+01
5.421999999999999886e+01
5.511999999999999744e+01
5.560000000000000142e+01
5.586999999999999744e+01
5.647999999999999687e+01
5.679999999999999716e+01
5.654999999999999716e+01
5.632999999999999829e+01
5.682999999999999829e+01
5.707000000000000028e+01
5.728999999999999915e+01
5.777000000000000313e+01
5.793999999999999773e+01
5.885000000000000142e+01
5.888000000000000256e+01
5.995000000000000284e+01
5.971000000000000085e+01
6.027000000000000313e+01
6.018999999999999773e+01
6.065999999999999659e+01
6.084000000000000341e+01
6.095000000000000284e+01
6.185999999999999943e+01
6.346000000000000085e+01
6.378999999999999915e+01
6.407999999999999829e+01
6.464000000000000057e+01
6.496999999999999886e+01
6.512999999999999545e+01
6.615999999999999659e+01
6.639000000000000057e+01
6.617000000000000171e+01
6.670999999999999375e+01
6.718000000000000682e+01
6.779999999999999716e+01
6.801999999999999602e+01
6.879000000000000625e+01
6.890000000000000568e+01
6.909000000000000341e+01
6.929999999999999716e+01
7.037999999999999545e+01
7.012999999999999545e+01
7.123999999999999488e+01
7.165000000000000568e+01
7.300000000000000000e+01
7.265000000000000568e+01
7.359000000000000341e+01
7.368999999999999773e+01
7.431000000000000227e+01
7.526000000000000512e+01
7.609000000000000341e+01
7.648000000000000398e+01
7.779000000000000625e+01
7.754000000000000625e+01
7.775000000000000000e+01
7.693999999999999773e+01
7.729999999999999716e+01
7.806999999999999318e+01
7.823000000000000398e+01
7.787000000000000455e+01
7.848000000000000398e+01
7.878000000000000114e+01
7.984000000000000341e+01
8.007999999999999829e+01
8.062999999999999545e+01
8.126999999999999602e+01
8.240000000000000568e+01
8.331999999999999318e+01
8.370000000000000284e+01
8.476000000000000512e+01
8.479999999999999716e+01
8.479000000000000625e+01
8.626999999999999602e+01
8.617000000000000171e+01
8.706000000000000227e+01
8.639000000000000057e+01
8.765000000000000568e+01
8.681999999999999318e+01
8.765999999999999659e+01
8.851999999999999602e+01
8.879999999999999716e+01
8.950000000000000000e+01
8.995000000000000284e+01
9.029999999999999716e+01
9.107999999999999829e+01
9.267000000000000171e+01
9.312000000000000455e+01
9.393000000000000682e+01
9.481999999999999318e+01
9.556000000000000227e+01
9.662999999999999545e+01
9.801999999999999602e+01
9.857999999999999829e+01
9.895999999999999375e+01
9.987999999999999545e+01
1.004000000000000057e+02
1.006400000000000006e+02
1.014699999999999989e+02
1.015999999999999943e+02
1.024099999999999966e+02
1.018700000000000045e+02
1.026299999999999955e+02
1.036200000000000045e+02
1.044599999999999937e+02
1.045000000000000000e+02
1.045799999999999983e+02
1.068199999999999932e+02
1.061200000000000045e+02
1.072199999999999989e+02
1.075999999999999943e+02
1.072199999999999989e+02
1.078599999999999994e+02
1.069399999999999977e+02
1.083499999999999943e+02
1.088400000000000034e+02
1.087999999999999972e+02
1.095999999999999943e+02
1.090199999999999960e+02
1.090300000000000011e+02
1.095300000000000011e+02
1.100000000000000000e+02
1.113900000000000006e+02
1.114000000000000057e+02
1.112800000000000011e+02
1.110999999999999943e+02
1.113199999999999932e+02
1.112300000000000040e+02
1.120000000000000000e+02
1.118400000000000034e+02
1.123599999999999994e+02
1.137999999999999972e+02
1.144699999999999989e+02
1.143400000000000034e+02
1.150199999999999960e+02
1.144699999999999989e+02
1.155799999999999983e+02
1.157800000000000011e+02
1.163599999999999994e+02
1.169599999999999937e+02
1.164300000000000068e+02
1.168799999999999955e+02
1.173599999999999994e+02
1.172500000000000000e+02
1.172699999999999960e+02
1.172999999999999972e+02
1.172999999999999972e+02
1.172399999999999949e+02
1.170400000000000063e+02
1.166599999999999966e+02
1.166599999999999966e+02
1.164699999999999989e+02
1.172600000000000051e+02
1.165600000000000023e+02
1.167800000000000011e+02
1.167800000000000011e+02
1.172199999999999989e+02
1.180100000000000051e+02
1.189599999999999937e+02
1.192699999999999960e+02
1.190799999999999983e+02
1.204699999999999989e+02
1.200199999999999960e+02
1.204899999999999949e+02
1.214899999999999949e+02
1.217999999999999972e+02
1.232999999999999972e+02
1.224099999999999966e+02
1.231299999999999955e+02
1.233599999999999994e+02
1.231299999999999955e+02
1.232500000000000000e+02
1.227600000000000051e+02
1.243700000000000045e+02
1.234800000000000040e+02
1.228700000000000045e+02
1.244300000000000068e+02
1.243100000000000023e+02
1.246200000000000045e+02
1.259899999999999949e+02
1.265100000000000051e+02
1.264000000000000057e+02
1.267500000000000000e+02
1.266700000000000017e+02
1.271500000000000057e+02
1.276200000000000045e+02
1.301800000000000068e+02
1.309600000000000080e+02
1.312599999999999909e+02
1.318100000000000023e+02
1.321500000000000057e+02
1.326899999999999977e+02
1.329600000000000080e+02
1.335600000000000023e+02
1.334799999999999898e+02
1.334499999999999886e+02
1.333700000000000045e+02
1.338199999999999932e+02
1.348600000000000136e+02
1.356899999999999977e+02
1.364600000000000080e+02
1.367599999999999909e+02
1.367899999999999920e+02
1.363799999999999955e+02
1.376599999999999966e+02
1.366800000000000068e+02
1.364499999999999886e+02
1.356500000000000057e+02
1.366399999999999864e+02
1.375200000000000102e+02
1.375399999999999920e+02
1.383499999999999943e+02
1.377500000000000000e+02
1.382800000000000011e+02
1.394000000000000057e+02
1.395800000000000125e+02
1.394900000000000091e+02
1.399399999999999977e+02
1.400099999999999909e+02
1.408199999999999932e+02
1.425699999999999932e+02
1.430300000000000011e+02
1.435800000000000125e+02
1.428100000000000023e+02
1.434099999999999966e+02
1.424300000000000068e+02
1.427299999999999898e+02
1.425300000000000011e+02
1.419799999999999898e+02
1.428100000000000023e+02
1.419300000000000068e+02
1.417800000000000011e+02
1.437800000000000011e+02
1.444499999999999886e+02
1.451999999999999886e+02
1.474199999999999875e+02
1.472899999999999920e+02
1.473300000000000125e+02
1.478000000000000114e+02
1.484900000000000091e+02
1.484699999999999989e+02
1.490900000000000034e+02
1.489900000000000091e+02
1.491699999999999875e+02
1.493300000000000125e+02
1.491200000000000045e+02
1.485399999999999920e+02
1.489600000000000080e+02
1.490000000000000000e+02
1.494600000000000080e+02
1.495000000000000000e+02
1.491100000000000136e+02
1.494600000000000080e+02
1.496299999999999955e+02
1.502100000000000080e+02
1.510600000000000023e+02
1.520900000000000034e+02
1.522599999999999909e+02
1.516899999999999977e+02
1.519000000000000057e+02
1.517700000000000102e+02
1.513400000000000034e+02
1.525500000000000114e+02
1.533400000000000034e+02
1.538400000000000034e+02
1.545999999999999943e+02
1.556699999999999875e+02
1.562899999999999920e+02
1.570900000000000034e+02
1.565800000000000125e+02
1.557899999999999920e+02
1.558300000000000125e+02
1.567500000000000000e+02
1.581399999999999864e+02
1.569900000000000091e+02
1.566899999999999977e+02
1.576800000000000068e+02
1.569600000000000080e+02
1.568000000000000114e+02
1.559600000000000080e+02
1.557500000000000000e+02
1.559600000000000080e+02
1.574300000000000068e+02
1.580600000000000023e+02
1.581999999999999886e+02
1.589399999999999977e+02
1.585099999999999909e+02
1.584300000000000068e+02
1.593700000000000045e+02
1.595699999999999932e+02
1.605600000000000023e+02
1.613499999999999943e+02
1.605200000000000102e+02
1.595500000000000114e+02
1.598499999999999943e+02
1.594199999999999875e+02
1.599099999999999966e+02
1.604000000000000057e+02
1.605200000000000102e+02
1.601999999999999886e+02
1.599699999999999989e+02
1.608499999999999943e+02
1.610800000000000125e+02
1.625000000000000000e+02
1.631200000000000045e+02
1.648199999999999932e+02
1.647800000000000011e+02
1.654600000000000080e+02
1.658400000000000034e+02
1.667400000000000091e+02
1.669600000000000080e+02
1.681399999999999864e+02
1.681800000000000068e+02
1.683899999999999864e+02
1.682100000000000080e+02
1.688899999999999864e+02
1.693799999999999955e+02
1.692700000000000102e+02
1.694399999999999977e+02
1.694499999999999886e+02
1.710900000000000034e+02
1.722400000000000091e+02
1.728000000000000114e+02
1.729600000000000080e+02
1.724900000000000091e+02
1.732299999999999898e+02
1.730099999999999909e+02
1.730200000000000102e+02
1.733400000000000034e+02
1.743700000000000045e+02
1.750800000000000125e+02
1.741100000000000136e+02
1.745000000000000000e+02
1.737899999999999920e+02
1.748700000000000045e+02
1.755300000000000011e+02
1.757599999999999909e+02
1.762299999999999898e+02
1.769600000000000080e+02
1.774900000000000091e+02
1.777100000000000080e+02
1.764900000000000091e+02
1.742800000000000011e+02
1.739600000000000080e+02
1.749499999999999886e+02
1.743899999999999864e+02
1.747700000000000102e+02
1.750200000000000102e+02
1.757199999999999989e+02
1.749000000000000057e+02
1.740300000000000011e+02
1.744699999999999989e+02
1.743499999999999943e+02
1.760000000000000000e+02
1.761299999999999955e+02
1.766200000000000045e+02
1.783499999999999943e+02
1.774900000000000091e+02
1.778000000000000114e+02
1.783400000000000034e+02
1.785699999999999932e+02
1.786299999999999955e+02
1.785099999999999909e+02
1.779699999999999989e+02
1.782800000000000011e+02
1.781999999999999886e+02
1.781299999999999955e+02
1.778899999999999864e+02
1.789900000000000091e+02
1.789699999999999989e+02
1.785800000000000125e+02
1.788100000000000023e+02
1.793600000000000136e+02
1.798400000000000034e+02
1.804799999999999898e+02
1.796699999999999875e+02
1.796999999999999886e+02
1.807700000000000102e+02
1.817599999999999909e+02
1.809499999999999886e+02
1.804600000000000080e+02
1.804799999999999898e+02
1.804499999999999886e+02
1.803400000000000034e+02
1.810300000000000011e+02
1.809900000000000091e+02
1.816699999999999875e+02
1.830399999999999920e+02
1.828400000000000034e+02
1.817299999999999898e+02
1.810200000000000102e+02
1.814099999999999966e+02
1.815000000000000000e+02
1.819600000000000080e+02
1.818100000000000023e+02
1.829300000000000068e+02
1.827500000000000000e+02
1.838300000000000125e+02
1.837700000000000102e+02
1.854799999999999898e+02
1.861699999999999875e+02
1.871399999999999864e+02
1.884199999999999875e+02
1.891299999999999955e+02
1.893700000000000045e+02
1.891500000000000057e+02
1.893600000000000136e+02
1.907199999999999989e+02
1.902599999999999909e+02
1.918000000000000114e+02
1.914000000000000057e+02
1.916999999999999886e+02
1.924099999999999966e+02
1.926899999999999977e+02
1.934499999999999886e+02
1.927100000000000080e+02
1.926200000000000045e+02
1.928499999999999943e+02
1.927299999999999898e+02
1.935399999999999920e+02
1.938600000000000136e+02
1.940699999999999932e+02
1.948899999999999864e+02
1.961299999999999955e+02
1.959199999999999875e+02
1.965200000000000102e+02
1.959900000000000091e+02
1.967800000000000011e+02
1.965200000000000102e+02
1.963799999999999955e+02
1.961699999999999875e+02
1.970800000000000125e+02
1.979099999999999966e+02
1.983600000000000136e+02
1.986599999999999966e+02
1.989000000000000057e+02
1.999699999999999989e+02
1.999199999999999875e+02
2.002299999999999898e+02
2.003600000000000136e+02
1.995699999999999932e+02
1.989499999999999886e+02
1.981500000000000057e+02
1.987100000000000080e+02
1.992599999999999909e+02
1.987599999999999909e+02
1.992700000000000102e+02
2.005200000000000102e+02
2.003300000000000125e+02
2.017800000000000011e+02
2.029799999999999898e+02
2.040200000000000102e+02
2.043300000000000125e+02
2.047199999999999989e+02
2.054799999999999898e+02
2.057100000000000080e+02
2.056800000000000068e+02
2.060000000000000000e+02
2.059199999999999875e+02
2.056699999999999875e+02
2.047599999999999909e+02
2.056599999999999966e+02
2.056599999999999966e+02
2.050800000000000125e+02
2.059499999999999886e+02
2.061800000000000068e+02
2.063199999999999932e+02
2.064799999999999898e+02
2.078199999999999932e+02
2.078199999999999932e+02
2.086100000000000136e+02
2.092400000000000091e+02
2.107299999999999898e+02
2.107400000000000091e+02
2.109000000000000057e+02
2.114300000000000068e+02
2.106100000000000136e+02
2.108799999999999955e+02
2.121399999999999864e+02
2.117899999999999920e+02
2.119399999999999977e+02
2.115399999999999920e+02
2.122599999999999909e+02
2.120000000000000000e+02
2.119399999999999977e+02
2.118700000000000045e+02
2.128499999999999943e+02
2.121699999999999875e+02
2.132100000000000080e+02
2.134000000000000057e+02
2.149699999999999989e+02
2.135200000000000102e+02
2.130200000000000102e+02
2.125699999999999932e+02
2.119799999999999898e+02
2.129799999999999898e+02
2.120600000000000023e+02
2.122100000000000080e+02
2.120699999999999932e+02
2.130900000000000034e+02
2.139000000000000057e+02
2.139199999999999875e+02
2.138799999999999955e+02
2.124600000000000080e+02
2.115200000000000102e+02
2.125000000000000000e+02
2.119699999999999989e+02
2.115800000000000125e+02
2.116299999999999955e+02
2.112199999999999989e+02
2.109300000000000068e+02
2.118000000000000114e+02
2.113600000000000136e+02
2.110200000000000102e+02
2.107199999999999989e+02
2.097599999999999909e+02
2.098100000000000023e+02
2.105399999999999920e+02
2.102299999999999898e+02
2.096500000000000057e+02
2.096299999999999955e+02
2.098100000000000023e+02
2.101899999999999977e+02
2.111500000000000057e+02
2.105999999999999943e+02
2.111699999999999875e+02
2.107100000000000080e+02
2.107500000000000000e+02
2.104199999999999875e+02
2.105999999999999943e+02
2.106200000000000045e+02
2.109699999999999989e+02
2.100300000000000011e+02
2.083799999999999955e+02
2.074600000000000080e+02
2.073300000000000125e+02
2.079000000000000057e+02
2.076599999999999966e+02
2.094199999999999875e+02
2.103700000000000045e+02
2.102800000000000011e+02
2.109000000000000057e+02
2.107599999999999909e+02
2.107599999999999909e+02
2.106200000000000045e+02
2.105300000000000011e+02
2.103899999999999864e+02
2.111699999999999875e+02
2.106100000000000136e+02
2.109300000000000068e+02
2.099600000000000080e+02
2.101899999999999977e+02
2.098700000000000045e+02
2.095099999999999909e+02
2.103199999999999932e+02
2.100399999999999920e+02
2.104600000000000080e+02
2.098899999999999864e+02
2.093899999999999864e+02
2.076899999999999977e+02
2.091699999999999875e+02
2.097500000000000000e+02
2.113899999999999864e+02
2.117400000000000091e+02
2.132100000000000080e+02
2.132199999999999989e+02
2.128499999999999943e+02
2.127100000000000080e+02
2.129600000000000080e+02
2.126899999999999977e+02
2.134000000000000057e+02
2.127599999999999909e+02
2.124600000000000080e+02
2.123300000000000125e+02
2.133199999999999932e+02
2.133799999999999955e+02
2.140900000000000034e+02
2.132700000000000102e+02
2.130000000000000000e+02
2.145000000000000000e+02
2.154099999999999966e+02
2.162100000000000080e+02
2.168700000000000045e+02
2.162899999999999920e+02
2.166899999999999977e+02
2.167800000000000011e+02
2.174900000000000091e+02
2.162400000000000091e+02
2.161399999999999864e+02
2.156599999999999966e+02
2.160399999999999920e+02
2.151999999999999886e+02
2.148700000000000045e+02
2.154900000000000091e+02
2.173199999999999932e+02
2.176699999999999875e+02
2.181299999999999955e+02
2.188100000000000023e+02
2.173300000000000125e+02
2.173499999999999943e+02
2.175600000000000023e+02
2.178000000000000114e+02
2.170999999999999943e+02
2.168799999999999955e+02
2.170800000000000125e+02
2.170699999999999932e+02
2.158100000000000023e+02
2.164000000000000057e+02
2.168199999999999932e+02
2.151800000000000068e+02
2.162400000000000091e+02
2.164499999999999886e+02
2.177100000000000080e+02
2.171500000000000057e+02
2.179499999999999886e+02
2.165900000000000034e+02
2.169000000000000057e+02
2.172599999999999909e+02
2.179099999999999966e+02
2.199499999999999886e+02
2.194000000000000057e+02
2.191500000000000057e+02
2.181500000000000057e+02
2.185900000000000034e+02
2.185699999999999932e+02
2.188899999999999864e+02
2.188899999999999864e+02
2.195399999999999920e+02
2.200099999999999909e+02
2.198400000000000034e+02
2.196500000000000057e+02
2.197599999999999909e+02
2.207899999999999920e+02
2.209300000000000068e+02
2.216599999999999966e+02
2.222599999999999909e+02
2.220900000000000034e+02
2.222599999999999909e+02
2.225699999999999932e+02
2.218100000000000023e+02
2.221200000000000045e+02
2.210699999999999932e+02
2.200099999999999909e+02
2.207599999999999909e+02
2.194600000000000080e+02
2.192100000000000080e+02
2.193300000000000125e+02
2.202100000000000080e+02
2.197500000000000000e+02
2.192500000000000000e+02
2.201899999999999977e+02
2.206500000000000057e+02
2.214399999999999977e+02
2.208199999999999932e+02
2.208799999999999955e+02
2.204499999999999886e+02
2.204199999999999875e+02
2.194099999999999966e+02
2.185300000000000011e+02
2.184799999999999898e+02
2.180300000000000011e+02
2.178100000000000023e+02
2.179799999999999898e+02
2.182700000000000102e+02
2.178000000000000114e+02
2.178700000000000045e+02
2.186800000000000068e+02
2.177599999999999909e+02
2.179099999999999966e+02
2.185300000000000011e+02
2.181899999999999977e+02
2.179399999999999977e+02
2.170000000000000000e+02
2.178799999999999955e+02
2.177899999999999920e+02
2.182199999999999989e+02
2.183100000000000023e+02
2.187500000000000000e+02
2.185699999999999932e+02
2.182199999999999989e+02
2.175000000000000000e+02
2.173700000000000045e+02
2.174600000000000080e+02
2.163199999999999932e+02
2.166299999999999955e+02
2.171599999999999966e+02
2.163899999999999864e+02
2.161299999999999955e+02
2.156399999999999864e+02
2.164000000000000057e+02
2.162500000000000000e+02
2.161800000000000068e+02
2.148199999999999932e+02
2.144199999999999875e+02
2.142599999999999909e+02
2.132599999999999909e+02
2.123100000000000023e+02
2.128700000000000045e+02
2.121299999999999955e+02
2.130800000000000125e+02
2.128400000000000034e+02
2.130900000000000034e+02
2.130200000000000102e+02
2.132100000000000080e+02
2.146399999999999864e+02
2.156299999999999955e+02
2.155099999999999909e+02
2.136800000000000068e+02
2.143600000000000136e+02
2.153199999999999932e+02
2.149000000000000057e+02
2.159799999999999898e+02
2.160099999999999909e+02
2.172599999999999909e+02
2.166599999999999966e+02
2.169399999999999977e+02
2.173899999999999864e+02
2.177899999999999920e+02
2.174900000000000091e+02
2.180900000000000034e+02
2.175999999999999943e+02
2.172800000000000011e+02
2.177100000000000080e+02
2.177100000000000080e+02
2.175300000000000011e+02
2.163499999999999943e+02
2.167500000000000000e+02
2.169600000000000080e+02
2.171100000000000136e+02
2.170000000000000000e+02
2.167800000000000011e+02
2.162800000000000011e+02
2.159199999999999875e+02
2.151500000000000057e+02
2.153400000000000034e+02
2.154099999999999966e+02
2.150699999999999932e+02
2.150000000000000000e+02
2.156800000000000068e+02
2.149099999999999966e+02
2.159099999999999966e+02
2.167899999999999920e+02
2.161599999999999966e+02
2.179199999999999875e+02
2.183199999999999932e+02
2.181999999999999886e+02
2.192199999999999989e+02
2.197800000000000011e+02
2.202899999999999920e+02
2.197800000000000011e+02
2.206399999999999864e+02
2.216200000000000045e+02
2.216800000000000068e+02
2.221100000000000136e+02
2.214199999999999875e+02
2.212199999999999989e+02
2.220099999999999909e+02
2.205999999999999943e+02
2.210099999999999909e+02
2.215999999999999943e+02
2.212500000000000000e+02
2.215999999999999943e+02
2.212299999999999898e+02
2.210800000000000125e+02
2.200399999999999920e+02
2.186399999999999864e+02
2.187899999999999920e+02
2.201999999999999886e+02
2.204300000000000068e+02
2.193700000000000045e+02
2.192899999999999920e+02
2.186399999999999864e+02
2.182800000000000011e+02
2.177400000000000091e+02
2.183300000000000125e+02
2.183899999999999864e+02
2.181599999999999966e+02
2.185099999999999909e+02
2.186100000000000136e+02
2.183700000000000045e+02
2.191200000000000045e+02
2.193700000000000045e+02
2.198700000000000045e+02
2.195699999999999932e+02
2.202100000000000080e+02
2.221200000000000045e+02
2.221899999999999977e+02
2.224600000000000080e+02
2.236999999999999886e+02
2.245200000000000102e+02
2.256800000000000068e+02
2.265200000000000102e+02
2.263700000000000045e+02
2.264499999999999886e+02
2.255300000000000011e+02
2.268799999999999955e+02
2.283499999999999943e+02
2.288400000000000034e+02
2.285000000000000000e+02
2.290699999999999932e+02
2.290800000000000125e+02
2.290399999999999920e+02
2.302700000000000102e+02
2.293700000000000045e+02
2.292599999999999909e+02
2.282599999999999909e+02
2.276800000000000068e+02
2.269399999999999977e+02
2.259399999999999977e+02
2.252199999999999989e+02
2.253600000000000136e+02
2.248799999999999955e+02
2.260900000000000034e+02
2.265500000000000114e+02
2.261800000000000068e+02
2.274399999999999977e+02
2.275500000000000114e+02
2.281299999999999955e+02
2.278300000000000125e+02
2.278600000000000136e+02
2.278000000000000114e+02
2.274600000000000080e+02
2.280600000000000023e+02
2.272599999999999909e+02
2.284000000000000057e+02
2.284300000000000068e+02
2.281599999999999966e+02
2.284300000000000068e+02
2.288899999999999864e+02
2.290900000000000034e+02
2.298600000000000136e+02
2.297199999999999989e+02
2.298400000000000034e+02
2.291599999999999966e+02
2.285000000000000000e+02
2.268300000000000125e+02
2.268199999999999932e+02
2.274099999999999966e+02
2.290200000000000102e+02
2.293300000000000125e+02
2.292700000000000102e+02
2.293100000000000023e+02
2.307299999999999898e+02
2.309600000000000080e+02
2.295200000000000102e+02
2.281899999999999977e+02
2.286399999999999864e+02
2.290800000000000125e+02
2.280600000000000023e+02
2.275999999999999943e+02
2.270099999999999909e+02
2.273199999999999932e+02
2.284900000000000091e+02
2.290000000000000000e+02
2.299600000000000080e+02
2.296200000000000045e+02
2.281299999999999955e+02
2.281999999999999886e+02
2.281500000000000057e+02
2.279900000000000091e+02
2.286899999999999977e+02
2.282100000000000080e+02
2.280200000000000102e+02
2.282500000000000000e+02
2.280900000000000034e+02
2.287899999999999920e+02
2.292899999999999920e+02
2.287899999999999920e+02
2.285500000000000114e+02
2.296299999999999955e+02
2.295699999999999932e+02
2.287700000000000102e+02
2.290699999999999932e+02
2.292500000000000000e+02
2.297800000000000011e+02
2.287400000000000091e+02
2.285999999999999943e+02
2.284099999999999966e+02
2.293700000000000045e+02
2.294000000000000057e+02
2.298700000000000045e+02
2.292700000000000102e+02
2.295699999999999932e+02
2.292100000000000080e+02
2.286699999999999875e+02
2.289799999999999898e+02
2.294199999999999875e+02
2.289099999999999966e+02
2.290500000000000114e+02
2.286899999999999977e+02
2.282100000000000080e+02
2.282700000000000102e+02
2.280699999999999932e+02
2.293300000000000125e+02
2.305999999999999943e+02
2.315600000000000023e+02
2.310699999999999932e+02
2.302500000000000000e+02
2.298100000000000023e+02
2.299799999999999898e+02
2.301800000000000068e+02
2.310000000000000000e+02
2.292700000000000102e+02
2.299600000000000080e+02
2.310000000000000000e+02
2.311100000000000136e+02
2.305900000000000034e+02
2.287800000000000011e+02
2.277400000000000091e+02
2.273799999999999955e+02
2.269199999999999875e+02
2.262700000000000102e+02
2.251999999999999886e+02
2.248499999999999943e+02
2.245099999999999909e+02
2.239099999999999966e+02
2.238100000000000023e+02
2.239900000000000091e+02
2.228300000000000125e+02
2.230200000000000102e+02
2.225200000000000102e+02
2.207700000000000102e+02
2.207800000000000011e+02
2.207899999999999920e+02
2.198899999999999864e+02
2.196500000000000057e+02
2.203400000000000034e+02
2.211100000000000136e+02
2.209799999999999898e+02
2.213899999999999864e+02
2.214699999999999989e+02
2.215099999999999909e+02
2.211500000000000057e+02
2.203300000000000125e+02
2.193700000000000045e+02
2.192100000000000080e+02
2.200099999999999909e+02
2.210999999999999943e+02
2.214699999999999989e+02
2.214600000000000080e+02
2.206899999999999977e+02
2.203600000000000136e+02
2.205200000000000102e+02
2.199699999999999989e+02
2.198899999999999864e+02
2.188199999999999932e+02
2.194099999999999966e+02
2.201299999999999955e+02
2.205399999999999920e+02
2.210600000000000023e+02
2.210699999999999932e+02
2.218700000000000045e+02
2.216699999999999875e+02
2.216899999999999977e+02
2.207899999999999920e+02
2.209699999999999989e+02
2.214199999999999875e+02
2.213600000000000136e+02
2.198700000000000045e+02
2.194099999999999966e+02
2.184600000000000080e+02
2.184600000000000080e+02
2.190800000000000125e+02
2.199000000000000057e+02
2.197899999999999920e+02
2.199600000000000080e+02
2.200800000000000125e+02
2.199099999999999966e+02
2.201699999999999875e+02
2.208400000000000034e+02
2.206999999999999886e+02
2.212800000000000011e+02
2.212400000000000091e+02
2.221599999999999966e+02
2.222899999999999920e+02
2.219900000000000091e+02
2.225800000000000125e+02
2.222100000000000080e+02
2.240500000000000114e+02
2.242199999999999989e+02
2.252500000000000000e+02
2.264699999999999989e+02
2.262500000000000000e+02
2.268799999999999955e+02
2.284399999999999977e+02
2.282599999999999909e+02
2.270300000000000011e+02
2.273700000000000045e+02
2.282400000000000091e+02
2.278000000000000114e+02
2.275800000000000125e+02
2.281699999999999875e+02
2.283600000000000136e+02
2.281800000000000068e+02
2.300500000000000114e+02
2.309000000000000057e+02
2.310600000000000023e+02
2.315000000000000000e+02
2.304300000000000068e+02
2.292400000000000091e+02
2.304600000000000080e+02
2.314099999999999966e+02
2.310800000000000125e+02
2.323400000000000034e+02
2.322599999999999909e+02
2.339799999999999898e+02
2.345699999999999932e+02
2.336699999999999875e+02
2.322100000000000080e+02
2.320300000000000011e+02
2.316699999999999875e+02
2.306299999999999955e+02
2.313700000000000045e+02
2.307400000000000091e+02
2.299799999999999898e+02
2.293100000000000023e+02
2.298899999999999864e+02
2.294399999999999977e+02
2.299199999999999875e+02
2.301100000000000136e+02
2.308799999999999955e+02
2.304600000000000080e+02
2.291599999999999966e+02
2.295000000000000000e+02
2.294799999999999898e+02
2.294799999999999898e+02
2.299000000000000057e+02
2.301500000000000057e+02
2.313499999999999943e+02
2.310000000000000000e+02
2.301299999999999955e+02
2.308300000000000125e+02
2.308899999999999864e+02
2.295399999999999920e+02
2.295500000000000114e+02
2.281599999999999966e+02
2.278400000000000034e+02
2.277199999999999989e+02
2.255099999999999909e+02
2.244499999999999886e+02
2.235200000000000102e+02
2.228000000000000114e+02
2.235500000000000114e+02
2.225699999999999932e+02
2.214799999999999898e+02
2.204900000000000091e+02
2.210300000000000011e+02
2.200900000000000034e+02
2.203400000000000034e+02
2.196500000000000057e+02
2.199199999999999875e+02
2.200600000000000023e+02
2.199499999999999886e+02
2.197599999999999909e+02
2.173400000000000034e+02
2.169300000000000068e+02
2.152599999999999909e+02
2.148899999999999864e+02
2.129199999999999875e+02
2.131800000000000068e+02
2.124300000000000068e+02
2.109300000000000068e+02
2.111599999999999966e+02
2.102700000000000102e+02
2.105000000000000000e+02
2.097500000000000000e+02
2.089799999999999898e+02
2.083600000000000136e+02
2.075699999999999932e+02
2.073199999999999932e+02
2.060500000000000114e+02
2.052800000000000011e+02
2.050800000000000125e+02
2.043100000000000023e+02
2.054900000000000091e+02
2.058300000000000125e+02
2.050999999999999943e+02
2.041299999999999955e+02
2.044099999999999966e+02
2.027800000000000011e+02
2.014199999999999875e+02
2.001699999999999875e+02
1.995300000000000011e+02
1.973199999999999932e+02
1.962899999999999920e+02
1.947199999999999989e+02
1.936100000000000136e+02
1.934300000000000068e+02
1.918600000000000136e+02
1.904900000000000091e+02
1.898000000000000114e+02
1.877199999999999989e+02
1.871599999999999966e+02
1.875099999999999909e+02
1.860699999999999932e+02
1.856699999999999875e+02
1.852700000000000102e+02
1.834199999999999875e+02
1.841800000000000068e+02
1.841299999999999955e+02
1.829499999999999886e+02
1.819900000000000091e+02
1.800999999999999943e+02
1.787199999999999989e+02
1.779199999999999875e+02
1.781800000000000068e+02
1.775099999999999909e+02
1.760999999999999943e+02
1.749000000000000057e+02
1.739799999999999898e+02
1.709199999999999875e+02
1.700200000000000102e+02
1.690099999999999909e+02
1.664399999999999977e+02
1.649199999999999875e+02
1.621999999999999886e+02
1.611699999999999875e+02
1.608899999999999864e+02
1.598499999999999943e+02
1.570600000000000023e+02
1.566200000000000045e+02
1.553400000000000034e+02
1.529699999999999989e+02
1.534900000000000091e+02
1.509799999999999898e+02
1.493400000000000034e+02
1.492500000000000000e+02
1.488100000000000023e+02
1.476399999999999864e+02
1.464499999999999886e+02
1.443799999999999955e+02
1.430999999999999943e+02
1.434699999999999989e+02
1.415200000000000102e+02
1.398799999999999955e+02
1.380500000000000114e+02
1.362599999999999909e+02
1.347800000000000011e+02
1.336999999999999886e+02
1.333400000000000034e+02
1.310600000000000023e+02
1.310099999999999909e+02
1.300000000000000000e+02
1.283799999999999955e+02
1.279000000000000057e+02
1.258199999999999932e+02
1.252900000000000063e+02
1.232500000000000000e+02
1.220999999999999943e+02
1.209099999999999966e+02
1.203700000000000045e+02
1.197800000000000011e+02
1.194800000000000040e+02
1.174899999999999949e+02
1.153199999999999932e+02
1.142600000000000051e+02
1.131500000000000057e+02
1.100600000000000023e+02
1.074599999999999937e+02
1.052699999999999960e+02
1.034899999999999949e+02
1.020900000000000034e+02
1.004000000000000057e+02
9.904000000000000625e+01
9.723999999999999488e+01
9.540999999999999659e+01
9.139000000000000057e+01
9.120000000000000284e+01
8.909000000000000341e+01
8.754000000000000625e+01
8.728000000000000114e+01
8.529999999999999716e+01
8.382999999999999829e+01
8.395999999999999375e+01
8.362000000000000455e+01
8.121999999999999886e+01
8.067000000000000171e+01
7.909999999999999432e+01
7.725000000000000000e+01
7.654999999999999716e+01
7.370000000000000284e+01
7.212999999999999545e+01
7.132999999999999829e+01
6.887000000000000455e+01
6.632999999999999829e+01
6.570000000000000284e+01
6.296000000000000085e+01
6.090999999999999659e+01
6.075000000000000000e+01
5.959000000000000341e+01
5.875999999999999801e+01
5.764999999999999858e+01
5.539000000000000057e+01
5.225000000000000000e+01
5.025000000000000000e+01
4.921000000000000085e+01
4.725999999999999801e+01
4.672999999999999687e+01
4.553000000000000114e+01
4.428999999999999915e+01
4.345000000000000284e+01
4.260999999999999943e+01
3.939000000000000057e+01
3.897999999999999687e+01
3.615999999999999659e+01
3.584000000000000341e+01
3.467000000000000171e+01
2.989999999999999858e+01
2.787000000000000099e+01
2.737999999999999901e+01
2.655000000000000071e+01
2.505000000000000071e+01
2.316000000000000014e+01
2.167000000000000171e+01
2.119000000000000128e+01
2.123999999999999844e+01
1.673999999999999844e+01
1.717999999999999972e+01
1.796000000000000085e+01
1.673999999999999844e+01
1.567999999999999972e+01
1.540000000000000036e+01
1.546000000000000085e+01
1.266999999999999993e+01
1.217999999999999972e+01
1.141999999999999993e+01
1.231000000000000050e+01
1.101999999999999957e+01
1.027999999999999936e+01
2.500000000000000000e+00
7.600000000000000089e-01
-4.000000000000000083e-02
-1.870000000000000107e+00
-2.359999999999999876e+00
-4.259999999999999787e+00
-4.940000000000000391e+00
-5.629999999999999893e+00
-8.939999999999999503e+00
-1.475999999999999979e+01
-1.692999999999999972e+01
-1.550000000000000000e+01
-1.651000000000000156e+01
-1.625000000000000000e+01
-1.846000000000000085e+01
-1.971999999999999886e+01
-2.021000000000000085e+01
-2.126999999999999957e+01
-2.214000000000000057e+01
-2.278999999999999915e+01
-2.371999999999999886e+01
-2.467999999999999972e+01
-2.414999999999999858e+01
-2.467000000000000171e+01
-2.937000000000000099e+01
-2.907999999999999829e+01
-2.982999999999999829e+01
-2.998999999999999844e+01
-3.094000000000000128e+01
-3.718999999999999773e+01
-3.875999999999999801e+01
-4.181000000000000227e+01
-4.353000000000000114e+01
-4.335999999999999943e+01
-4.592999999999999972e+01
-4.472999999999999687e+01
-4.563000000000000256e+01
-4.564999999999999858e+01
-4.247999999999999687e+01
-4.350000000000000000e+01
-4.390999999999999659e+01
-4.535999999999999943e+01
-4.675999999999999801e+01
-4.814000000000000057e+01
-5.131000000000000227e+01
-5.135999999999999943e+01
-5.282999999999999829e+01
-4.950000000000000000e+01
-4.935000000000000142e+01
-5.100999999999999801e+01
-5.252000000000000313e+01
-5.290999999999999659e+01
-5.286999999999999744e+01
-5.557999999999999829e+01
-5.639000000000000057e+01
-5.946000000000000085e+01
-6.239000000000000057e+01
-6.235000000000000142e+01
-6.307999999999999829e+01
-6.328999999999999915e+01
-5.961999999999999744e+01
-5.682000000000000028e+01
-5.650999999999999801e+01
-5.685000000000000142e+01
-5.702000000000000313e+01
-5.539000000000000057e+01
-5.574000000000000199e+01
-5.657999999999999829e+01
-5.620000000000000284e+01
-5.338000000000000256e+01
-5.302000000000000313e+01
-5.327000000000000313e+01
-5.370000000000000284e+01
-5.439000000000000057e+01
-5.246000000000000085e+01
-5.125999999999999801e+01
-5.100000000000000000e+01
-5.107999999999999829e+01
-5.114999999999999858e+01
-5.089000000000000057e+01
-5.175999999999999801e+01
-5.121999999999999886e+01
-5.410000000000000142e+01
-6.072999999999999687e+01
-6.152000000000000313e+01
-5.622999999999999687e+01
-5.617999999999999972e+01
-5.622999999999999687e+01
-5.686999999999999744e+01
-5.222999999999999687e+01
-5.147999999999999687e+01
-4.965999999999999659e+01
-4.885999999999999943e+01
-4.809000000000000341e+01
-4.921000000000000085e+01
-4.957999999999999829e+01
-5.032999999999999829e+01
-5.145000000000000284e+01
-5.175999999999999801e+01
-5.279999999999999716e+01
-5.468999999999999773e+01
-5.449000000000000199e+01
-5.372999999999999687e+01
-5.231000000000000227e+01
-5.156000000000000227e+01
-5.150999999999999801e+01
-5.192999999999999972e+01
-5.392999999999999972e+01
-5.407999999999999829e+01
-5.475000000000000000e+01
-5.374000000000000199e+01
-5.428000000000000114e+01
-5.565999999999999659e+01
-5.356000000000000227e+01
-5.296000000000000085e+01
-4.770000000000000284e+01
-4.570000000000000284e+01
-4.574000000000000199e+01
-4.799000000000000199e+01
-4.847999999999999687e+01
-4.857000000000000028e+01
-4.832999999999999829e+01
-4.932999999999999829e+01
-5.084000000000000341e+01
-5.139000000000000057e+01
-5.181000000000000227e+01
-5.085999999999999943e+01
-5.074000000000000199e+01
-5.050000000000000000e+01
-4.747999999999999687e+01
-4.661999999999999744e+01
-4.717999999999999972e+01
-4.653000000000000114e+01
-4.628999999999999915e+01
-4.624000000000000199e+01
-4.814999999999999858e+01
-4.910999999999999943e+01
-4.860999999999999943e+01
-4.920000000000000284e+01
-4.964000000000000057e+01
-4.892000000000000171e+01
-4.892000000000000171e+01
-4.760999999999999943e+01
-4.121999999999999886e+01
-4.193999999999999773e+01
-4.143999999999999773e+01
-4.214999999999999858e+01
-4.214999999999999858e+01
-4.168999999999999773e+01
-4.211999999999999744e+01
-4.211999999999999744e+01
-4.229999999999999716e+01
-4.343999999999999773e+01
-4.411999999999999744e+01
-4.353999999999999915e+01
-4.253999999999999915e+01
-4.250000000000000000e+01
-4.145000000000000284e+01
-4.207000000000000028e+01
-4.202000000000000313e+01
-3.892999999999999972e+01
-4.092999999999999972e+01
-3.984000000000000341e+01
-4.224000000000000199e+01
-4.095000000000000284e+01
-4.100000000000000000e+01
-4.028999999999999915e+01
-4.034000000000000341e+01
-4.009000000000000341e+01
-3.950999999999999801e+01
-3.960999999999999943e+01
-3.988000000000000256e+01
-3.932000000000000028e+01
-3.935999999999999943e+01
-3.950999999999999801e+01
-4.015999999999999659e+01
-3.935000000000000142e+01
-4.353000000000000114e+01
-4.650999999999999801e+01
-4.828999999999999915e+01
-4.770000000000000284e+01
-4.784000000000000341e+01
-4.784000000000000341e+01
-4.545000000000000284e+01
-4.500000000000000000e+01
-4.584000000000000341e+01
-4.727000000000000313e+01
-4.585000000000000142e+01
-4.577000000000000313e+01
-4.472999999999999687e+01
-4.434000000000000341e+01
-4.388000000000000256e+01
-4.502000000000000313e+01
-4.567999999999999972e+01
-4.657999999999999829e+01
-4.467000000000000171e+01
-4.450999999999999801e+01
-4.539999999999999858e+01
-4.535999999999999943e+01
-4.557000000000000028e+01
-4.557000000000000028e+01
-4.607000000000000028e+01
-4.450999999999999801e+01
-4.521999999999999886e+01
-4.460999999999999943e+01
-4.465999999999999659e+01
-4.465999999999999659e+01
-4.389999999999999858e+01
-4.332000000000000028e+01
-4.195000000000000284e+01
-4.189999999999999858e+01
-4.147999999999999687e+01
-4.077000000000000313e+01
-4.185000000000000142e+01
-3.921999999999999886e+01
-3.927000000000000313e+01
-4.011999999999999744e+01
-4.007000000000000028e+01
-4.006000000000000227e+01
-3.914999999999999858e+01
-4.034000000000000341e+01
-4.134000000000000341e+01
-4.421000000000000085e+01
-4.243999999999999773e+01
-4.315999999999999659e+01
-4.315999999999999659e+01
-4.286999999999999744e+01
-4.286999999999999744e+01
-4.107000000000000028e+01
-4.303999999999999915e+01
-4.350000000000000000e+01
-4.225999999999999801e+01
-4.149000000000000199e+01
-4.154999999999999716e+01
-4.218999999999999773e+01
-4.395000000000000284e+01
-4.410000000000000142e+01
-3.986999999999999744e+01
-3.454999999999999716e+01
-3.267000000000000171e+01
-3.217000000000000171e+01
-3.225000000000000000e+01
-3.214999999999999858e+01
-3.786999999999999744e+01
-3.847999999999999687e+01
-3.692999999999999972e+01
-3.635000000000000142e+01
-3.714000000000000057e+01
-4.296000000000000085e+01
-4.415999999999999659e+01
-4.703000000000000114e+01
