2.013027071952819824e-01
2.033913284540176392e-01
1.907983869314193726e-01
2.079475820064544678e-01
1.940087825059890747e-01
2.121453285217285156e-01
1.979292184114456177e-01
2.113877981901168823e-01
2.036638259887695312e-01
1.889051198959350586e-01
2.055222392082214355e-01
2.081476897001266479e-01
2.192668467760086060e-01
2.061031907796859741e-01
1.902186870574951172e-01
2.026092112064361572e-01
2.015419602394104004e-01
1.819128096103668213e-01
2.133315801620483398e-01
2.070197612047195435e-01
1.991986930370330811e-01
1.927418857812881470e-01
2.039499729871749878e-01
1.799650490283966064e-01
2.026459276676177979e-01
1.994264572858810425e-01
1.956764608621597290e-01
2.042032629251480103e-01
2.049640268087387085e-01
2.082790732383728027e-01
2.052211016416549683e-01
2.048667669296264648e-01
2.066787779331207275e-01
1.939426958560943604e-01
2.106111645698547363e-01
2.007917016744613647e-01
2.026103287935256958e-01
1.997018903493881226e-01
2.006764560937881470e-01
1.865507215261459351e-01
2.005929052829742432e-01
2.020242959260940552e-01
1.976983696222305298e-01
1.927620023488998413e-01
2.022635042667388916e-01
2.027305215597152710e-01
1.882679760456085205e-01
2.044228613376617432e-01
2.088259160518646240e-01
2.048540711402893066e-01
1.945311576128005981e-01
2.153039425611495972e-01
1.906539350748062134e-01
2.041765004396438599e-01
1.931310594081878662e-01
1.974568814039230347e-01
1.894886791706085205e-01
2.220512628555297852e-01
2.117571085691452026e-01
2.142579257488250732e-01
2.105061411857604980e-01
2.072173207998275757e-01
2.139057517051696777e-01
1.435092240571975708e-01
1.831817179918289185e-01
2.130045890808105469e-01
1.903690695762634277e-01
2.004900723695755005e-01
2.011881917715072632e-01
1.677500009536743164e-01
1.899862140417098999e-01
2.106606364250183105e-01
1.944487541913986206e-01
1.892969906330108643e-01
1.946087628602981567e-01
1.874590665102005005e-01
1.986683458089828491e-01
2.003223001956939697e-01
2.074173986911773682e-01
1.982744932174682617e-01
2.213588505983352661e-01
2.288039326667785645e-01
1.758370101451873779e-01
2.106477022171020508e-01
1.809600293636322021e-01
2.044599205255508423e-01
1.973262280225753784e-01
2.178559154272079468e-01
1.960252672433853149e-01
2.002208679914474487e-01
1.968539208173751831e-01
1.887906789779663086e-01
2.065273076295852661e-01
2.256205677986145020e-01
1.822419613599777222e-01
2.041684240102767944e-01
1.977687031030654907e-01
2.162971198558807373e-01
1.779762804508209229e-01
2.000394314527511597e-01
2.094173580408096313e-01
1.962069422006607056e-01
2.128420919179916382e-01
2.325353175401687622e-01
2.376446872949600220e-01
1.955177336931228638e-01
2.084120810031890869e-01
1.889030337333679199e-01
1.799681037664413452e-01
2.060581892728805542e-01
2.110496461391448975e-01
2.076461613178253174e-01
2.095022797584533691e-01
2.010255306959152222e-01
2.114149183034896851e-01
2.353283762931823730e-01
1.955436319112777710e-01
2.148565948009490967e-01
1.949449032545089722e-01
2.178387641906738281e-01
1.973090320825576782e-01
1.987512409687042236e-01
1.926108896732330322e-01
2.021233886480331421e-01
2.063638716936111450e-01
2.107871770858764648e-01
2.185616940259933472e-01
1.949607133865356445e-01
2.061219513416290283e-01
2.088677287101745605e-01
1.901640295982360840e-01
2.017637491226196289e-01
2.076482474803924561e-01
1.881554424762725830e-01
2.011826783418655396e-01
1.863625198602676392e-01
1.894424259662628174e-01
2.022096067667007446e-01
1.945628672838211060e-01
2.306834161281585693e-01
2.160140126943588257e-01
1.958639770746231079e-01
2.149064391851425171e-01
1.935135275125503540e-01
2.024143487215042114e-01
2.027635872364044189e-01
2.116623222827911377e-01
1.959893256425857544e-01
2.123748660087585449e-01
1.908762305974960327e-01
1.961029469966888428e-01
1.927155405282974243e-01
1.990112960338592529e-01
2.097589522600173950e-01
2.000967711210250854e-01
2.062780559062957764e-01
2.046982049942016602e-01
1.939038336277008057e-01
2.162193655967712402e-01
2.005031704902648926e-01
2.004187703132629395e-01
2.063433974981307983e-01
2.111962735652923584e-01
1.888979077339172363e-01
2.113790512084960938e-01
1.994585841894149780e-01
1.994112730026245117e-01
1.927468627691268921e-01
2.120049446821212769e-01
1.994329243898391724e-01
2.069865465164184570e-01
2.104128599166870117e-01
2.014060318470001221e-01
1.973436027765274048e-01
1.987243294715881348e-01
2.144618630409240723e-01
1.892369836568832397e-01
1.995617151260375977e-01
2.118141055107116699e-01
1.850232183933258057e-01
1.942124068737030029e-01
1.926503628492355347e-01
1.869718283414840698e-01
1.951448768377304077e-01
1.926573812961578369e-01
2.025270164012908936e-01
1.930020898580551147e-01
2.184213399887084961e-01
1.914341598749160767e-01
1.994264125823974609e-01
1.851158887147903442e-01
1.987039893865585327e-01
1.970922350883483887e-01
2.007442563772201538e-01
1.964030414819717407e-01
1.869129538536071777e-01
1.918170154094696045e-01
1.951098740100860596e-01
1.975933611392974854e-01
2.013361006975173950e-01
1.889332681894302368e-01
2.044713646173477173e-01
1.835578382015228271e-01
1.965984851121902466e-01
2.002038359642028809e-01
1.922005116939544678e-01
2.243291288614273071e-01
2.023621201515197754e-01
2.070522904396057129e-01
2.076438963413238525e-01
1.995645612478256226e-01
1.929746419191360474e-01
1.994264274835586548e-01
2.021968364715576172e-01
1.700654029846191406e-01
1.924427151679992676e-01
1.923379302024841309e-01
1.932281404733657837e-01
1.933209300041198730e-01
2.180374264717102051e-01
1.904124915599822998e-01
1.769863963127136230e-01
2.139381766319274902e-01
1.939556002616882324e-01
2.028117477893829346e-01
2.225052416324615479e-01
2.100760787725448608e-01
2.123564183712005615e-01
2.118249684572219849e-01
2.055954039096832275e-01
1.852208524942398071e-01
2.017782330513000488e-01
1.716426908969879150e-01
1.957017779350280762e-01
1.703605055809020996e-01
1.985322833061218262e-01
1.882303059101104736e-01
2.016077041625976562e-01
1.885698437690734863e-01
2.172153145074844360e-01
2.018697261810302734e-01
1.621686667203903198e-01
1.979808062314987183e-01
1.680689007043838501e-01
2.102416753768920898e-01
