5.100000000000000000e+04
5.200000000000000000e+04
5.300000000000000000e+04
5.400000000000000000e+04
5.500000000000000000e+04
5.600000000000000000e+04
5.700000000000000000e+04
5.800000000000000000e+04
5.900000000000000000e+04
6.000000000000000000e+04
6.100000000000000000e+04
6.200000000000000000e+04
6.300000000000000000e+04
6.400000000000000000e+04
6.500000000000000000e+04
6.600000000000000000e+04
6.700000000000000000e+04
6.800000000000000000e+04
6.900000000000000000e+04
7.000000000000000000e+04
7.100000000000000000e+04
7.200000000000000000e+04
7.300000000000000000e+04
7.400000000000000000e+04
7.500000000000000000e+04
7.600000000000000000e+04
7.700000000000000000e+04
7.800000000000000000e+04
7.900000000000000000e+04
8.000000000000000000e+04
8.100000000000000000e+04
8.200000000000000000e+04
8.300000000000000000e+04
8.400000000000000000e+04
8.500000000000000000e+04
8.600000000000000000e+04
8.700000000000000000e+04
8.800000000000000000e+04
8.900000000000000000e+04
9.000000000000000000e+04
9.100000000000000000e+04
9.200000000000000000e+04
9.300000000000000000e+04
9.400000000000000000e+04
9.500000000000000000e+04
9.600000000000000000e+04
9.700000000000000000e+04
9.800000000000000000e+04
9.900000000000000000e+04
1.000000000000000000e+05
1.010000000000000000e+05
1.020000000000000000e+05
1.030000000000000000e+05
1.040000000000000000e+05
1.050000000000000000e+05
1.060000000000000000e+05
1.070000000000000000e+05
1.080000000000000000e+05
1.090000000000000000e+05
1.100000000000000000e+05
1.110000000000000000e+05
1.120000000000000000e+05
1.130000000000000000e+05
1.140000000000000000e+05
1.150000000000000000e+05
1.160000000000000000e+05
1.170000000000000000e+05
1.180000000000000000e+05
1.190000000000000000e+05
1.200000000000000000e+05
1.210000000000000000e+05
1.220000000000000000e+05
1.230000000000000000e+05
1.240000000000000000e+05
1.250000000000000000e+05
1.260000000000000000e+05
1.270000000000000000e+05
1.280000000000000000e+05
1.290000000000000000e+05
1.300000000000000000e+05
1.310000000000000000e+05
1.320000000000000000e+05
1.330000000000000000e+05
1.340000000000000000e+05
1.350000000000000000e+05
1.360000000000000000e+05
1.370000000000000000e+05
1.380000000000000000e+05
1.390000000000000000e+05
1.400000000000000000e+05
1.410000000000000000e+05
1.420000000000000000e+05
1.430000000000000000e+05
1.440000000000000000e+05
1.450000000000000000e+05
1.460000000000000000e+05
1.470000000000000000e+05
1.480000000000000000e+05
1.490000000000000000e+05
1.500000000000000000e+05
1.510000000000000000e+05
1.520000000000000000e+05
1.530000000000000000e+05
1.540000000000000000e+05
1.550000000000000000e+05
1.560000000000000000e+05
1.570000000000000000e+05
1.580000000000000000e+05
1.590000000000000000e+05
1.600000000000000000e+05
1.610000000000000000e+05
1.620000000000000000e+05
1.630000000000000000e+05
1.640000000000000000e+05
1.650000000000000000e+05
1.660000000000000000e+05
1.670000000000000000e+05
1.680000000000000000e+05
1.690000000000000000e+05
1.700000000000000000e+05
1.710000000000000000e+05
1.720000000000000000e+05
1.730000000000000000e+05
1.740000000000000000e+05
1.750000000000000000e+05
1.760000000000000000e+05
1.770000000000000000e+05
1.780000000000000000e+05
1.790000000000000000e+05
1.800000000000000000e+05
1.810000000000000000e+05
1.820000000000000000e+05
1.830000000000000000e+05
1.840000000000000000e+05
1.850000000000000000e+05
1.860000000000000000e+05
1.870000000000000000e+05
1.880000000000000000e+05
1.890000000000000000e+05
1.900000000000000000e+05
1.910000000000000000e+05
1.920000000000000000e+05
1.930000000000000000e+05
1.940000000000000000e+05
1.950000000000000000e+05
1.960000000000000000e+05
1.970000000000000000e+05
1.980000000000000000e+05
1.990000000000000000e+05
2.000000000000000000e+05
2.010000000000000000e+05
2.020000000000000000e+05
2.030000000000000000e+05
2.040000000000000000e+05
2.050000000000000000e+05
2.060000000000000000e+05
2.070000000000000000e+05
2.080000000000000000e+05
2.090000000000000000e+05
2.100000000000000000e+05
2.110000000000000000e+05
2.120000000000000000e+05
2.130000000000000000e+05
2.140000000000000000e+05
2.150000000000000000e+05
2.160000000000000000e+05
2.170000000000000000e+05
2.180000000000000000e+05
2.190000000000000000e+05
2.200000000000000000e+05
2.210000000000000000e+05
2.220000000000000000e+05
2.230000000000000000e+05
2.240000000000000000e+05
2.250000000000000000e+05
2.260000000000000000e+05
2.270000000000000000e+05
2.280000000000000000e+05
2.290000000000000000e+05
2.300000000000000000e+05
2.310000000000000000e+05
2.320000000000000000e+05
2.330000000000000000e+05
2.340000000000000000e+05
2.350000000000000000e+05
2.360000000000000000e+05
2.370000000000000000e+05
2.380000000000000000e+05
2.390000000000000000e+05
2.400000000000000000e+05
2.410000000000000000e+05
2.420000000000000000e+05
2.430000000000000000e+05
2.440000000000000000e+05
2.450000000000000000e+05
2.460000000000000000e+05
2.470000000000000000e+05
2.480000000000000000e+05
2.490000000000000000e+05
2.500000000000000000e+05
2.510000000000000000e+05
2.520000000000000000e+05
2.530000000000000000e+05
2.540000000000000000e+05
2.550000000000000000e+05
2.560000000000000000e+05
2.570000000000000000e+05
2.580000000000000000e+05
2.590000000000000000e+05
2.600000000000000000e+05
2.610000000000000000e+05
2.620000000000000000e+05
2.630000000000000000e+05
2.640000000000000000e+05
2.650000000000000000e+05
2.660000000000000000e+05
2.670000000000000000e+05
2.680000000000000000e+05
2.690000000000000000e+05
2.700000000000000000e+05
2.710000000000000000e+05
2.720000000000000000e+05
2.730000000000000000e+05
2.740000000000000000e+05
2.750000000000000000e+05
2.760000000000000000e+05
2.770000000000000000e+05
2.780000000000000000e+05
2.790000000000000000e+05
2.800000000000000000e+05
2.810000000000000000e+05
2.820000000000000000e+05
2.830000000000000000e+05
2.840000000000000000e+05
2.850000000000000000e+05
2.860000000000000000e+05
2.870000000000000000e+05
2.880000000000000000e+05
2.890000000000000000e+05
2.900000000000000000e+05
2.910000000000000000e+05
2.920000000000000000e+05
2.930000000000000000e+05
2.940000000000000000e+05
2.950000000000000000e+05
2.960000000000000000e+05
2.970000000000000000e+05
2.980000000000000000e+05
2.990000000000000000e+05
3.000000000000000000e+05
3.010000000000000000e+05
3.020000000000000000e+05
3.030000000000000000e+05
3.040000000000000000e+05
3.050000000000000000e+05
3.060000000000000000e+05
3.070000000000000000e+05
3.080000000000000000e+05
3.090000000000000000e+05
3.100000000000000000e+05
3.110000000000000000e+05
3.120000000000000000e+05
3.130000000000000000e+05
3.140000000000000000e+05
3.150000000000000000e+05
3.160000000000000000e+05
3.170000000000000000e+05
3.180000000000000000e+05
3.190000000000000000e+05
3.200000000000000000e+05
3.210000000000000000e+05
3.220000000000000000e+05
3.230000000000000000e+05
3.240000000000000000e+05
3.250000000000000000e+05
3.260000000000000000e+05
3.270000000000000000e+05
3.280000000000000000e+05
3.290000000000000000e+05
3.300000000000000000e+05
3.310000000000000000e+05
3.320000000000000000e+05
3.330000000000000000e+05
3.340000000000000000e+05
3.350000000000000000e+05
3.360000000000000000e+05
3.370000000000000000e+05
3.380000000000000000e+05
3.390000000000000000e+05
3.400000000000000000e+05
3.410000000000000000e+05
3.420000000000000000e+05
3.430000000000000000e+05
3.440000000000000000e+05
3.450000000000000000e+05
3.460000000000000000e+05
3.470000000000000000e+05
3.480000000000000000e+05
3.490000000000000000e+05
3.500000000000000000e+05
3.510000000000000000e+05
3.520000000000000000e+05
3.530000000000000000e+05
3.540000000000000000e+05
3.550000000000000000e+05
3.560000000000000000e+05
3.570000000000000000e+05
3.580000000000000000e+05
3.590000000000000000e+05
3.600000000000000000e+05
3.610000000000000000e+05
3.620000000000000000e+05
3.630000000000000000e+05
3.640000000000000000e+05
3.650000000000000000e+05
3.660000000000000000e+05
3.670000000000000000e+05
3.680000000000000000e+05
3.690000000000000000e+05
3.700000000000000000e+05
3.710000000000000000e+05
3.720000000000000000e+05
3.730000000000000000e+05
3.740000000000000000e+05
3.750000000000000000e+05
3.760000000000000000e+05
3.770000000000000000e+05
3.780000000000000000e+05
3.790000000000000000e+05
3.800000000000000000e+05
3.810000000000000000e+05
3.820000000000000000e+05
3.830000000000000000e+05
3.840000000000000000e+05
3.850000000000000000e+05
3.860000000000000000e+05
3.870000000000000000e+05
3.880000000000000000e+05
3.890000000000000000e+05
3.900000000000000000e+05
3.910000000000000000e+05
3.920000000000000000e+05
3.930000000000000000e+05
3.940000000000000000e+05
3.950000000000000000e+05
3.960000000000000000e+05
3.970000000000000000e+05
3.980000000000000000e+05
3.990000000000000000e+05
4.000000000000000000e+05
4.010000000000000000e+05
4.020000000000000000e+05
4.030000000000000000e+05
4.040000000000000000e+05
4.050000000000000000e+05
4.060000000000000000e+05
4.070000000000000000e+05
4.080000000000000000e+05
4.090000000000000000e+05
4.100000000000000000e+05
4.110000000000000000e+05
4.120000000000000000e+05
4.130000000000000000e+05
4.140000000000000000e+05
4.150000000000000000e+05
4.160000000000000000e+05
4.170000000000000000e+05
4.180000000000000000e+05
4.190000000000000000e+05
4.200000000000000000e+05
4.210000000000000000e+05
4.220000000000000000e+05
4.230000000000000000e+05
4.240000000000000000e+05
4.250000000000000000e+05
4.260000000000000000e+05
4.270000000000000000e+05
4.280000000000000000e+05
4.290000000000000000e+05
4.300000000000000000e+05
4.310000000000000000e+05
4.320000000000000000e+05
4.330000000000000000e+05
4.340000000000000000e+05
4.350000000000000000e+05
4.360000000000000000e+05
4.370000000000000000e+05
4.380000000000000000e+05
4.390000000000000000e+05
4.400000000000000000e+05
4.410000000000000000e+05
4.420000000000000000e+05
4.430000000000000000e+05
4.440000000000000000e+05
4.450000000000000000e+05
4.460000000000000000e+05
4.470000000000000000e+05
4.480000000000000000e+05
4.490000000000000000e+05
4.500000000000000000e+05
4.510000000000000000e+05
4.520000000000000000e+05
4.530000000000000000e+05
4.540000000000000000e+05
4.550000000000000000e+05
4.560000000000000000e+05
4.570000000000000000e+05
4.580000000000000000e+05
4.590000000000000000e+05
4.600000000000000000e+05
4.610000000000000000e+05
4.620000000000000000e+05
4.630000000000000000e+05
4.640000000000000000e+05
4.650000000000000000e+05
4.660000000000000000e+05
4.670000000000000000e+05
4.680000000000000000e+05
4.690000000000000000e+05
4.700000000000000000e+05
4.710000000000000000e+05
4.720000000000000000e+05
4.730000000000000000e+05
4.740000000000000000e+05
4.750000000000000000e+05
4.760000000000000000e+05
4.770000000000000000e+05
4.780000000000000000e+05
4.790000000000000000e+05
4.800000000000000000e+05
4.810000000000000000e+05
4.820000000000000000e+05
4.830000000000000000e+05
4.840000000000000000e+05
4.850000000000000000e+05
4.860000000000000000e+05
4.870000000000000000e+05
4.880000000000000000e+05
4.890000000000000000e+05
4.900000000000000000e+05
4.910000000000000000e+05
4.920000000000000000e+05
4.930000000000000000e+05
4.940000000000000000e+05
4.950000000000000000e+05
4.960000000000000000e+05
4.970000000000000000e+05
4.980000000000000000e+05
4.990000000000000000e+05
5.000000000000000000e+05
5.010000000000000000e+05
5.020000000000000000e+05
5.030000000000000000e+05
5.040000000000000000e+05
5.050000000000000000e+05
5.060000000000000000e+05
5.070000000000000000e+05
5.080000000000000000e+05
5.090000000000000000e+05
5.100000000000000000e+05
5.110000000000000000e+05
5.120000000000000000e+05
5.130000000000000000e+05
5.140000000000000000e+05
5.150000000000000000e+05
5.160000000000000000e+05
5.170000000000000000e+05
5.180000000000000000e+05
5.190000000000000000e+05
5.200000000000000000e+05
5.210000000000000000e+05
5.220000000000000000e+05
5.230000000000000000e+05
5.240000000000000000e+05
5.250000000000000000e+05
5.260000000000000000e+05
5.270000000000000000e+05
5.280000000000000000e+05
5.290000000000000000e+05
5.300000000000000000e+05
5.310000000000000000e+05
5.320000000000000000e+05
5.330000000000000000e+05
5.340000000000000000e+05
5.350000000000000000e+05
5.360000000000000000e+05
5.370000000000000000e+05
5.380000000000000000e+05
5.390000000000000000e+05
5.400000000000000000e+05
5.410000000000000000e+05
5.420000000000000000e+05
5.430000000000000000e+05
5.440000000000000000e+05
5.450000000000000000e+05
5.460000000000000000e+05
5.470000000000000000e+05
5.480000000000000000e+05
5.490000000000000000e+05
5.500000000000000000e+05
5.510000000000000000e+05
5.520000000000000000e+05
5.530000000000000000e+05
5.540000000000000000e+05
5.550000000000000000e+05
5.560000000000000000e+05
5.570000000000000000e+05
5.580000000000000000e+05
5.590000000000000000e+05
5.600000000000000000e+05
5.610000000000000000e+05
5.620000000000000000e+05
5.630000000000000000e+05
5.640000000000000000e+05
5.650000000000000000e+05
5.660000000000000000e+05
5.670000000000000000e+05
5.680000000000000000e+05
5.690000000000000000e+05
5.700000000000000000e+05
5.710000000000000000e+05
5.720000000000000000e+05
5.730000000000000000e+05
5.740000000000000000e+05
5.750000000000000000e+05
5.760000000000000000e+05
5.770000000000000000e+05
5.780000000000000000e+05
5.790000000000000000e+05
5.800000000000000000e+05
5.810000000000000000e+05
5.820000000000000000e+05
5.830000000000000000e+05
5.840000000000000000e+05
5.850000000000000000e+05
5.860000000000000000e+05
5.870000000000000000e+05
5.880000000000000000e+05
5.890000000000000000e+05
5.900000000000000000e+05
5.910000000000000000e+05
5.920000000000000000e+05
5.930000000000000000e+05
5.940000000000000000e+05
5.950000000000000000e+05
5.960000000000000000e+05
5.970000000000000000e+05
5.980000000000000000e+05
5.990000000000000000e+05
6.000000000000000000e+05
6.010000000000000000e+05
6.020000000000000000e+05
6.030000000000000000e+05
6.040000000000000000e+05
6.050000000000000000e+05
6.060000000000000000e+05
6.070000000000000000e+05
6.080000000000000000e+05
6.090000000000000000e+05
6.100000000000000000e+05
6.110000000000000000e+05
6.120000000000000000e+05
6.130000000000000000e+05
6.140000000000000000e+05
6.150000000000000000e+05
6.160000000000000000e+05
6.170000000000000000e+05
6.180000000000000000e+05
6.190000000000000000e+05
6.200000000000000000e+05
6.210000000000000000e+05
6.220000000000000000e+05
6.230000000000000000e+05
6.240000000000000000e+05
6.250000000000000000e+05
6.260000000000000000e+05
6.270000000000000000e+05
6.280000000000000000e+05
6.290000000000000000e+05
6.300000000000000000e+05
6.310000000000000000e+05
6.320000000000000000e+05
6.330000000000000000e+05
6.340000000000000000e+05
6.350000000000000000e+05
6.360000000000000000e+05
6.370000000000000000e+05
6.380000000000000000e+05
6.390000000000000000e+05
6.400000000000000000e+05
6.410000000000000000e+05
6.420000000000000000e+05
6.430000000000000000e+05
6.440000000000000000e+05
6.450000000000000000e+05
6.460000000000000000e+05
6.470000000000000000e+05
6.480000000000000000e+05
6.490000000000000000e+05
6.500000000000000000e+05
6.510000000000000000e+05
6.520000000000000000e+05
6.530000000000000000e+05
6.540000000000000000e+05
6.550000000000000000e+05
6.560000000000000000e+05
6.570000000000000000e+05
6.580000000000000000e+05
6.590000000000000000e+05
6.600000000000000000e+05
6.610000000000000000e+05
6.620000000000000000e+05
6.630000000000000000e+05
6.640000000000000000e+05
6.650000000000000000e+05
6.660000000000000000e+05
6.670000000000000000e+05
6.680000000000000000e+05
6.690000000000000000e+05
6.700000000000000000e+05
6.710000000000000000e+05
6.720000000000000000e+05
6.730000000000000000e+05
6.740000000000000000e+05
6.750000000000000000e+05
6.760000000000000000e+05
6.770000000000000000e+05
6.780000000000000000e+05
6.790000000000000000e+05
6.800000000000000000e+05
6.810000000000000000e+05
6.820000000000000000e+05
6.830000000000000000e+05
6.840000000000000000e+05
6.850000000000000000e+05
6.860000000000000000e+05
6.870000000000000000e+05
6.880000000000000000e+05
6.890000000000000000e+05
6.900000000000000000e+05
6.910000000000000000e+05
6.920000000000000000e+05
6.930000000000000000e+05
6.940000000000000000e+05
6.950000000000000000e+05
6.960000000000000000e+05
6.970000000000000000e+05
6.980000000000000000e+05
6.990000000000000000e+05
7.000000000000000000e+05
7.010000000000000000e+05
7.020000000000000000e+05
7.030000000000000000e+05
7.040000000000000000e+05
7.050000000000000000e+05
7.060000000000000000e+05
7.070000000000000000e+05
7.080000000000000000e+05
7.090000000000000000e+05
7.100000000000000000e+05
7.110000000000000000e+05
7.120000000000000000e+05
7.130000000000000000e+05
7.140000000000000000e+05
7.150000000000000000e+05
7.160000000000000000e+05
7.170000000000000000e+05
7.180000000000000000e+05
7.190000000000000000e+05
7.200000000000000000e+05
7.210000000000000000e+05
7.220000000000000000e+05
7.230000000000000000e+05
7.240000000000000000e+05
7.250000000000000000e+05
7.260000000000000000e+05
7.270000000000000000e+05
7.280000000000000000e+05
7.290000000000000000e+05
7.300000000000000000e+05
7.310000000000000000e+05
7.320000000000000000e+05
7.330000000000000000e+05
7.340000000000000000e+05
7.350000000000000000e+05
7.360000000000000000e+05
7.370000000000000000e+05
7.380000000000000000e+05
7.390000000000000000e+05
7.400000000000000000e+05
7.410000000000000000e+05
7.420000000000000000e+05
7.430000000000000000e+05
7.440000000000000000e+05
7.450000000000000000e+05
7.460000000000000000e+05
7.470000000000000000e+05
7.480000000000000000e+05
7.490000000000000000e+05
7.500000000000000000e+05
7.510000000000000000e+05
7.520000000000000000e+05
7.530000000000000000e+05
7.540000000000000000e+05
7.550000000000000000e+05
7.560000000000000000e+05
7.570000000000000000e+05
7.580000000000000000e+05
7.590000000000000000e+05
7.600000000000000000e+05
7.610000000000000000e+05
7.620000000000000000e+05
7.630000000000000000e+05
7.640000000000000000e+05
7.650000000000000000e+05
7.660000000000000000e+05
7.670000000000000000e+05
7.680000000000000000e+05
7.690000000000000000e+05
7.700000000000000000e+05
7.710000000000000000e+05
7.720000000000000000e+05
7.730000000000000000e+05
7.740000000000000000e+05
7.750000000000000000e+05
7.760000000000000000e+05
7.770000000000000000e+05
7.780000000000000000e+05
7.790000000000000000e+05
7.800000000000000000e+05
7.810000000000000000e+05
7.820000000000000000e+05
7.830000000000000000e+05
7.840000000000000000e+05
7.850000000000000000e+05
7.860000000000000000e+05
7.870000000000000000e+05
7.880000000000000000e+05
7.890000000000000000e+05
7.900000000000000000e+05
7.910000000000000000e+05
7.920000000000000000e+05
7.930000000000000000e+05
7.940000000000000000e+05
7.950000000000000000e+05
7.960000000000000000e+05
7.970000000000000000e+05
7.980000000000000000e+05
7.990000000000000000e+05
8.000000000000000000e+05
8.010000000000000000e+05
8.020000000000000000e+05
8.030000000000000000e+05
8.040000000000000000e+05
8.050000000000000000e+05
8.060000000000000000e+05
8.070000000000000000e+05
8.080000000000000000e+05
8.090000000000000000e+05
8.100000000000000000e+05
8.110000000000000000e+05
8.120000000000000000e+05
8.130000000000000000e+05
8.140000000000000000e+05
8.150000000000000000e+05
8.160000000000000000e+05
8.170000000000000000e+05
8.180000000000000000e+05
8.190000000000000000e+05
8.200000000000000000e+05
8.210000000000000000e+05
8.220000000000000000e+05
8.230000000000000000e+05
8.240000000000000000e+05
8.250000000000000000e+05
8.260000000000000000e+05
8.270000000000000000e+05
8.280000000000000000e+05
8.290000000000000000e+05
8.300000000000000000e+05
8.310000000000000000e+05
8.320000000000000000e+05
8.330000000000000000e+05
8.340000000000000000e+05
8.350000000000000000e+05
8.360000000000000000e+05
8.370000000000000000e+05
8.380000000000000000e+05
8.390000000000000000e+05
8.400000000000000000e+05
8.410000000000000000e+05
8.420000000000000000e+05
8.430000000000000000e+05
8.440000000000000000e+05
8.450000000000000000e+05
8.460000000000000000e+05
8.470000000000000000e+05
8.480000000000000000e+05
8.490000000000000000e+05
8.500000000000000000e+05
8.510000000000000000e+05
8.520000000000000000e+05
8.530000000000000000e+05
8.540000000000000000e+05
8.550000000000000000e+05
8.560000000000000000e+05
8.570000000000000000e+05
8.580000000000000000e+05
8.590000000000000000e+05
8.600000000000000000e+05
8.610000000000000000e+05
8.620000000000000000e+05
8.630000000000000000e+05
8.640000000000000000e+05
8.650000000000000000e+05
8.660000000000000000e+05
8.670000000000000000e+05
8.680000000000000000e+05
8.690000000000000000e+05
8.700000000000000000e+05
8.710000000000000000e+05
8.720000000000000000e+05
8.730000000000000000e+05
8.740000000000000000e+05
8.750000000000000000e+05
8.760000000000000000e+05
8.770000000000000000e+05
8.780000000000000000e+05
8.790000000000000000e+05
8.800000000000000000e+05
8.810000000000000000e+05
8.820000000000000000e+05
8.830000000000000000e+05
8.840000000000000000e+05
8.850000000000000000e+05
8.860000000000000000e+05
8.870000000000000000e+05
8.880000000000000000e+05
8.890000000000000000e+05
8.900000000000000000e+05
8.910000000000000000e+05
8.920000000000000000e+05
8.930000000000000000e+05
8.940000000000000000e+05
8.950000000000000000e+05
8.960000000000000000e+05
8.970000000000000000e+05
8.980000000000000000e+05
8.990000000000000000e+05
9.000000000000000000e+05
9.010000000000000000e+05
9.020000000000000000e+05
9.030000000000000000e+05
9.040000000000000000e+05
9.050000000000000000e+05
9.060000000000000000e+05
9.070000000000000000e+05
9.080000000000000000e+05
9.090000000000000000e+05
9.100000000000000000e+05
9.110000000000000000e+05
9.120000000000000000e+05
9.130000000000000000e+05
9.140000000000000000e+05
9.150000000000000000e+05
9.160000000000000000e+05
9.170000000000000000e+05
9.180000000000000000e+05
9.190000000000000000e+05
9.200000000000000000e+05
9.210000000000000000e+05
9.220000000000000000e+05
9.230000000000000000e+05
9.240000000000000000e+05
9.250000000000000000e+05
9.260000000000000000e+05
9.270000000000000000e+05
9.280000000000000000e+05
9.290000000000000000e+05
9.300000000000000000e+05
9.310000000000000000e+05
9.320000000000000000e+05
9.330000000000000000e+05
9.340000000000000000e+05
9.350000000000000000e+05
9.360000000000000000e+05
9.370000000000000000e+05
9.380000000000000000e+05
9.390000000000000000e+05
9.400000000000000000e+05
9.410000000000000000e+05
9.420000000000000000e+05
9.430000000000000000e+05
9.440000000000000000e+05
9.450000000000000000e+05
9.460000000000000000e+05
9.470000000000000000e+05
9.480000000000000000e+05
9.490000000000000000e+05
9.500000000000000000e+05
9.510000000000000000e+05
9.520000000000000000e+05
9.530000000000000000e+05
9.540000000000000000e+05
9.550000000000000000e+05
9.560000000000000000e+05
9.570000000000000000e+05
9.580000000000000000e+05
9.590000000000000000e+05
9.600000000000000000e+05
9.610000000000000000e+05
9.620000000000000000e+05
9.630000000000000000e+05
9.640000000000000000e+05
9.650000000000000000e+05
9.660000000000000000e+05
9.670000000000000000e+05
9.680000000000000000e+05
9.690000000000000000e+05
9.700000000000000000e+05
9.710000000000000000e+05
9.720000000000000000e+05
9.730000000000000000e+05
9.740000000000000000e+05
9.750000000000000000e+05
9.760000000000000000e+05
9.770000000000000000e+05
9.780000000000000000e+05
9.790000000000000000e+05
9.800000000000000000e+05
9.810000000000000000e+05
9.820000000000000000e+05
9.830000000000000000e+05
9.840000000000000000e+05
9.850000000000000000e+05
9.860000000000000000e+05
9.870000000000000000e+05
9.880000000000000000e+05
9.890000000000000000e+05
9.900000000000000000e+05
9.910000000000000000e+05
9.920000000000000000e+05
9.930000000000000000e+05
9.940000000000000000e+05
9.950000000000000000e+05
9.960000000000000000e+05
9.970000000000000000e+05
9.980000000000000000e+05
9.990000000000000000e+05
1.000000000000000000e+06
1.001000000000000000e+06
1.002000000000000000e+06
1.003000000000000000e+06
1.004000000000000000e+06
1.005000000000000000e+06
1.006000000000000000e+06
1.007000000000000000e+06
1.008000000000000000e+06
1.009000000000000000e+06
1.010000000000000000e+06
1.011000000000000000e+06
1.012000000000000000e+06
1.013000000000000000e+06
1.014000000000000000e+06
1.015000000000000000e+06
1.016000000000000000e+06
1.017000000000000000e+06
1.018000000000000000e+06
1.019000000000000000e+06
1.020000000000000000e+06
1.021000000000000000e+06
1.022000000000000000e+06
1.023000000000000000e+06
1.024000000000000000e+06
1.025000000000000000e+06
1.026000000000000000e+06
1.027000000000000000e+06
1.028000000000000000e+06
1.029000000000000000e+06
1.030000000000000000e+06
1.031000000000000000e+06
1.032000000000000000e+06
1.033000000000000000e+06
1.034000000000000000e+06
1.035000000000000000e+06
1.036000000000000000e+06
1.037000000000000000e+06
1.038000000000000000e+06
1.039000000000000000e+06
1.040000000000000000e+06
1.041000000000000000e+06
1.042000000000000000e+06
1.043000000000000000e+06
1.044000000000000000e+06
1.045000000000000000e+06
1.046000000000000000e+06
1.047000000000000000e+06
1.048000000000000000e+06
1.049000000000000000e+06
1.050000000000000000e+06
1.051000000000000000e+06
1.052000000000000000e+06
1.053000000000000000e+06
1.054000000000000000e+06
1.055000000000000000e+06
1.056000000000000000e+06
1.057000000000000000e+06
1.058000000000000000e+06
1.059000000000000000e+06
1.060000000000000000e+06
1.061000000000000000e+06
1.062000000000000000e+06
1.063000000000000000e+06
1.064000000000000000e+06
1.065000000000000000e+06
1.066000000000000000e+06
1.067000000000000000e+06
1.068000000000000000e+06
1.069000000000000000e+06
1.070000000000000000e+06
1.071000000000000000e+06
1.072000000000000000e+06
1.073000000000000000e+06
1.074000000000000000e+06
1.075000000000000000e+06
1.076000000000000000e+06
1.077000000000000000e+06
1.078000000000000000e+06
1.079000000000000000e+06
1.080000000000000000e+06
1.081000000000000000e+06
1.082000000000000000e+06
1.083000000000000000e+06
1.084000000000000000e+06
1.085000000000000000e+06
1.086000000000000000e+06
1.087000000000000000e+06
1.088000000000000000e+06
1.089000000000000000e+06
1.090000000000000000e+06
1.091000000000000000e+06
1.092000000000000000e+06
1.093000000000000000e+06
1.094000000000000000e+06
1.095000000000000000e+06
1.096000000000000000e+06
1.097000000000000000e+06
1.098000000000000000e+06
1.099000000000000000e+06
1.100000000000000000e+06
1.101000000000000000e+06
1.102000000000000000e+06
1.103000000000000000e+06
1.104000000000000000e+06
1.105000000000000000e+06
1.106000000000000000e+06
1.107000000000000000e+06
1.108000000000000000e+06
1.109000000000000000e+06
1.110000000000000000e+06
1.111000000000000000e+06
1.112000000000000000e+06
1.113000000000000000e+06
1.114000000000000000e+06
1.115000000000000000e+06
1.116000000000000000e+06
1.117000000000000000e+06
1.118000000000000000e+06
1.119000000000000000e+06
1.120000000000000000e+06
1.121000000000000000e+06
1.122000000000000000e+06
1.123000000000000000e+06
1.124000000000000000e+06
1.125000000000000000e+06
1.126000000000000000e+06
1.127000000000000000e+06
1.128000000000000000e+06
1.129000000000000000e+06
1.130000000000000000e+06
1.131000000000000000e+06
1.132000000000000000e+06
1.133000000000000000e+06
1.134000000000000000e+06
1.135000000000000000e+06
1.136000000000000000e+06
1.137000000000000000e+06
1.138000000000000000e+06
1.139000000000000000e+06
1.140000000000000000e+06
1.141000000000000000e+06
1.142000000000000000e+06
1.143000000000000000e+06
1.144000000000000000e+06
1.145000000000000000e+06
1.146000000000000000e+06
1.147000000000000000e+06
1.148000000000000000e+06
1.149000000000000000e+06
1.150000000000000000e+06
1.151000000000000000e+06
1.152000000000000000e+06
1.153000000000000000e+06
1.154000000000000000e+06
1.155000000000000000e+06
1.156000000000000000e+06
1.157000000000000000e+06
1.158000000000000000e+06
1.159000000000000000e+06
1.160000000000000000e+06
1.161000000000000000e+06
1.162000000000000000e+06
1.163000000000000000e+06
1.164000000000000000e+06
1.165000000000000000e+06
1.166000000000000000e+06
1.167000000000000000e+06
1.168000000000000000e+06
1.169000000000000000e+06
1.170000000000000000e+06
1.171000000000000000e+06
1.172000000000000000e+06
1.173000000000000000e+06
1.174000000000000000e+06
1.175000000000000000e+06
1.176000000000000000e+06
1.177000000000000000e+06
1.178000000000000000e+06
1.179000000000000000e+06
1.180000000000000000e+06
1.181000000000000000e+06
1.182000000000000000e+06
1.183000000000000000e+06
1.184000000000000000e+06
1.185000000000000000e+06
1.186000000000000000e+06
1.187000000000000000e+06
1.188000000000000000e+06
1.189000000000000000e+06
1.190000000000000000e+06
1.191000000000000000e+06
1.192000000000000000e+06
1.193000000000000000e+06
1.194000000000000000e+06
1.195000000000000000e+06
1.196000000000000000e+06
1.197000000000000000e+06
1.198000000000000000e+06
1.199000000000000000e+06
1.200000000000000000e+06
1.201000000000000000e+06
1.202000000000000000e+06
1.203000000000000000e+06
1.204000000000000000e+06
1.205000000000000000e+06
1.206000000000000000e+06
1.207000000000000000e+06
1.208000000000000000e+06
1.209000000000000000e+06
1.210000000000000000e+06
1.211000000000000000e+06
1.212000000000000000e+06
1.213000000000000000e+06
1.214000000000000000e+06
1.215000000000000000e+06
1.216000000000000000e+06
1.217000000000000000e+06
1.218000000000000000e+06
1.219000000000000000e+06
1.220000000000000000e+06
1.221000000000000000e+06
1.222000000000000000e+06
1.223000000000000000e+06
1.224000000000000000e+06
1.225000000000000000e+06
1.226000000000000000e+06
1.227000000000000000e+06
1.228000000000000000e+06
1.229000000000000000e+06
1.230000000000000000e+06
1.231000000000000000e+06
1.232000000000000000e+06
1.233000000000000000e+06
1.234000000000000000e+06
1.235000000000000000e+06
1.236000000000000000e+06
1.237000000000000000e+06
1.238000000000000000e+06
1.239000000000000000e+06
1.240000000000000000e+06
1.241000000000000000e+06
1.242000000000000000e+06
1.243000000000000000e+06
1.244000000000000000e+06
1.245000000000000000e+06
1.246000000000000000e+06
1.247000000000000000e+06
1.248000000000000000e+06
1.249000000000000000e+06
1.250000000000000000e+06
1.251000000000000000e+06
1.252000000000000000e+06
1.253000000000000000e+06
1.254000000000000000e+06
1.255000000000000000e+06
1.256000000000000000e+06
1.257000000000000000e+06
1.258000000000000000e+06
1.259000000000000000e+06
1.260000000000000000e+06
1.261000000000000000e+06
1.262000000000000000e+06
1.263000000000000000e+06
1.264000000000000000e+06
1.265000000000000000e+06
1.266000000000000000e+06
1.267000000000000000e+06
1.268000000000000000e+06
1.269000000000000000e+06
1.270000000000000000e+06
1.271000000000000000e+06
1.272000000000000000e+06
1.273000000000000000e+06
1.274000000000000000e+06
1.275000000000000000e+06
1.276000000000000000e+06
1.277000000000000000e+06
1.278000000000000000e+06
1.279000000000000000e+06
1.280000000000000000e+06
1.281000000000000000e+06
1.282000000000000000e+06
1.283000000000000000e+06
1.284000000000000000e+06
1.285000000000000000e+06
1.286000000000000000e+06
1.287000000000000000e+06
1.288000000000000000e+06
1.289000000000000000e+06
1.290000000000000000e+06
1.291000000000000000e+06
1.292000000000000000e+06
1.293000000000000000e+06
1.294000000000000000e+06
1.295000000000000000e+06
1.296000000000000000e+06
1.297000000000000000e+06
1.298000000000000000e+06
1.299000000000000000e+06
1.300000000000000000e+06
1.301000000000000000e+06
1.302000000000000000e+06
1.303000000000000000e+06
1.304000000000000000e+06
1.305000000000000000e+06
1.306000000000000000e+06
1.307000000000000000e+06
1.308000000000000000e+06
1.309000000000000000e+06
1.310000000000000000e+06
1.311000000000000000e+06
1.312000000000000000e+06
1.313000000000000000e+06
1.314000000000000000e+06
1.315000000000000000e+06
1.316000000000000000e+06
1.317000000000000000e+06
1.318000000000000000e+06
1.319000000000000000e+06
1.320000000000000000e+06
1.321000000000000000e+06
1.322000000000000000e+06
1.323000000000000000e+06
1.324000000000000000e+06
1.325000000000000000e+06
1.326000000000000000e+06
1.327000000000000000e+06
1.328000000000000000e+06
1.329000000000000000e+06
1.330000000000000000e+06
1.331000000000000000e+06
1.332000000000000000e+06
1.333000000000000000e+06
1.334000000000000000e+06
1.335000000000000000e+06
1.336000000000000000e+06
1.337000000000000000e+06
1.338000000000000000e+06
1.339000000000000000e+06
1.340000000000000000e+06
1.341000000000000000e+06
1.342000000000000000e+06
1.343000000000000000e+06
1.344000000000000000e+06
1.345000000000000000e+06
1.346000000000000000e+06
1.347000000000000000e+06
1.348000000000000000e+06
1.349000000000000000e+06
1.350000000000000000e+06
1.351000000000000000e+06
1.352000000000000000e+06
1.353000000000000000e+06
1.354000000000000000e+06
1.355000000000000000e+06
1.356000000000000000e+06
1.357000000000000000e+06
1.358000000000000000e+06
1.359000000000000000e+06
1.360000000000000000e+06
1.361000000000000000e+06
1.362000000000000000e+06
1.363000000000000000e+06
1.364000000000000000e+06
1.365000000000000000e+06
1.366000000000000000e+06
1.367000000000000000e+06
1.368000000000000000e+06
1.369000000000000000e+06
1.370000000000000000e+06
1.371000000000000000e+06
1.372000000000000000e+06
1.373000000000000000e+06
1.374000000000000000e+06
1.375000000000000000e+06
1.376000000000000000e+06
1.377000000000000000e+06
1.378000000000000000e+06
1.379000000000000000e+06
1.380000000000000000e+06
1.381000000000000000e+06
1.382000000000000000e+06
1.383000000000000000e+06
1.384000000000000000e+06
1.385000000000000000e+06
1.386000000000000000e+06
1.387000000000000000e+06
1.388000000000000000e+06
1.389000000000000000e+06
1.390000000000000000e+06
1.391000000000000000e+06
1.392000000000000000e+06
1.393000000000000000e+06
1.394000000000000000e+06
1.395000000000000000e+06
1.396000000000000000e+06
1.397000000000000000e+06
1.398000000000000000e+06
1.399000000000000000e+06
1.400000000000000000e+06
1.401000000000000000e+06
1.402000000000000000e+06
1.403000000000000000e+06
1.404000000000000000e+06
1.405000000000000000e+06
1.406000000000000000e+06
1.407000000000000000e+06
1.408000000000000000e+06
1.409000000000000000e+06
1.410000000000000000e+06
1.411000000000000000e+06
1.412000000000000000e+06
1.413000000000000000e+06
1.414000000000000000e+06
1.415000000000000000e+06
1.416000000000000000e+06
1.417000000000000000e+06
1.418000000000000000e+06
1.419000000000000000e+06
1.420000000000000000e+06
1.421000000000000000e+06
1.422000000000000000e+06
1.423000000000000000e+06
1.424000000000000000e+06
1.425000000000000000e+06
1.426000000000000000e+06
1.427000000000000000e+06
1.428000000000000000e+06
1.429000000000000000e+06
1.430000000000000000e+06
1.431000000000000000e+06
1.432000000000000000e+06
1.433000000000000000e+06
1.434000000000000000e+06
1.435000000000000000e+06
1.436000000000000000e+06
1.437000000000000000e+06
1.438000000000000000e+06
1.439000000000000000e+06
1.440000000000000000e+06
1.441000000000000000e+06
1.442000000000000000e+06
1.443000000000000000e+06
1.444000000000000000e+06
1.445000000000000000e+06
1.446000000000000000e+06
1.447000000000000000e+06
1.448000000000000000e+06
1.449000000000000000e+06
1.450000000000000000e+06
1.451000000000000000e+06
1.452000000000000000e+06
1.453000000000000000e+06
1.454000000000000000e+06
1.455000000000000000e+06
1.456000000000000000e+06
1.457000000000000000e+06
1.458000000000000000e+06
1.459000000000000000e+06
1.460000000000000000e+06
1.461000000000000000e+06
1.462000000000000000e+06
1.463000000000000000e+06
1.464000000000000000e+06
1.465000000000000000e+06
1.466000000000000000e+06
1.467000000000000000e+06
1.468000000000000000e+06
1.469000000000000000e+06
1.470000000000000000e+06
1.471000000000000000e+06
1.472000000000000000e+06
1.473000000000000000e+06
1.474000000000000000e+06
1.475000000000000000e+06
1.476000000000000000e+06
1.477000000000000000e+06
1.478000000000000000e+06
1.479000000000000000e+06
1.480000000000000000e+06
1.481000000000000000e+06
1.482000000000000000e+06
1.483000000000000000e+06
1.484000000000000000e+06
1.485000000000000000e+06
1.486000000000000000e+06
1.487000000000000000e+06
1.488000000000000000e+06
1.489000000000000000e+06
1.490000000000000000e+06
1.491000000000000000e+06
1.492000000000000000e+06
1.493000000000000000e+06
1.494000000000000000e+06
1.495000000000000000e+06
1.496000000000000000e+06
1.497000000000000000e+06
1.498000000000000000e+06
1.499000000000000000e+06
1.500000000000000000e+06
1.501000000000000000e+06
1.502000000000000000e+06
1.503000000000000000e+06
1.504000000000000000e+06
1.505000000000000000e+06
1.506000000000000000e+06
1.507000000000000000e+06
1.508000000000000000e+06
1.509000000000000000e+06
1.510000000000000000e+06
1.511000000000000000e+06
1.512000000000000000e+06
1.513000000000000000e+06
1.514000000000000000e+06
1.515000000000000000e+06
1.516000000000000000e+06
1.517000000000000000e+06
1.518000000000000000e+06
1.519000000000000000e+06
1.520000000000000000e+06
1.521000000000000000e+06
1.522000000000000000e+06
1.523000000000000000e+06
1.524000000000000000e+06
1.525000000000000000e+06
1.526000000000000000e+06
1.527000000000000000e+06
1.528000000000000000e+06
1.529000000000000000e+06
1.530000000000000000e+06
1.531000000000000000e+06
1.532000000000000000e+06
1.533000000000000000e+06
1.534000000000000000e+06
1.535000000000000000e+06
1.536000000000000000e+06
1.537000000000000000e+06
1.538000000000000000e+06
1.539000000000000000e+06
1.540000000000000000e+06
1.541000000000000000e+06
1.542000000000000000e+06
1.543000000000000000e+06
1.544000000000000000e+06
1.545000000000000000e+06
1.546000000000000000e+06
1.547000000000000000e+06
1.548000000000000000e+06
1.549000000000000000e+06
1.550000000000000000e+06
1.551000000000000000e+06
1.552000000000000000e+06
1.553000000000000000e+06
1.554000000000000000e+06
1.555000000000000000e+06
1.556000000000000000e+06
1.557000000000000000e+06
1.558000000000000000e+06
1.559000000000000000e+06
1.560000000000000000e+06
1.561000000000000000e+06
1.562000000000000000e+06
1.563000000000000000e+06
1.564000000000000000e+06
1.565000000000000000e+06
1.566000000000000000e+06
1.567000000000000000e+06
1.568000000000000000e+06
1.569000000000000000e+06
1.570000000000000000e+06
1.571000000000000000e+06
1.572000000000000000e+06
1.573000000000000000e+06
1.574000000000000000e+06
1.575000000000000000e+06
1.576000000000000000e+06
1.577000000000000000e+06
1.578000000000000000e+06
1.579000000000000000e+06
1.580000000000000000e+06
1.581000000000000000e+06
1.582000000000000000e+06
1.583000000000000000e+06
1.584000000000000000e+06
1.585000000000000000e+06
1.586000000000000000e+06
1.587000000000000000e+06
1.588000000000000000e+06
1.589000000000000000e+06
1.590000000000000000e+06
1.591000000000000000e+06
1.592000000000000000e+06
1.593000000000000000e+06
1.594000000000000000e+06
1.595000000000000000e+06
1.596000000000000000e+06
1.597000000000000000e+06
1.598000000000000000e+06
1.599000000000000000e+06
1.600000000000000000e+06
1.601000000000000000e+06
1.602000000000000000e+06
1.603000000000000000e+06
1.604000000000000000e+06
1.605000000000000000e+06
1.606000000000000000e+06
1.607000000000000000e+06
1.608000000000000000e+06
1.609000000000000000e+06
1.610000000000000000e+06
1.611000000000000000e+06
1.612000000000000000e+06
1.613000000000000000e+06
1.614000000000000000e+06
1.615000000000000000e+06
1.616000000000000000e+06
1.617000000000000000e+06
1.618000000000000000e+06
1.619000000000000000e+06
1.620000000000000000e+06
1.621000000000000000e+06
1.622000000000000000e+06
1.623000000000000000e+06
1.624000000000000000e+06
1.625000000000000000e+06
1.626000000000000000e+06
1.627000000000000000e+06
1.628000000000000000e+06
1.629000000000000000e+06
1.630000000000000000e+06
1.631000000000000000e+06
1.632000000000000000e+06
1.633000000000000000e+06
1.634000000000000000e+06
1.635000000000000000e+06
1.636000000000000000e+06
1.637000000000000000e+06
1.638000000000000000e+06
1.639000000000000000e+06
1.640000000000000000e+06
1.641000000000000000e+06
1.642000000000000000e+06
1.643000000000000000e+06
1.644000000000000000e+06
1.645000000000000000e+06
1.646000000000000000e+06
1.647000000000000000e+06
1.648000000000000000e+06
1.649000000000000000e+06
1.650000000000000000e+06
1.651000000000000000e+06
1.652000000000000000e+06
1.653000000000000000e+06
1.654000000000000000e+06
1.655000000000000000e+06
1.656000000000000000e+06
1.657000000000000000e+06
