-6.600000000000000311e-01
-6.600000000000000311e-01
-6.600000000000000311e-01
-6.600000000000000311e-01
-6.600000000000000311e-01
-6.600000000000000311e-01
-6.600000000000000311e-01
-6.600000000000000311e-01
-6.600000000000000311e-01
-6.600000000000000311e-01
-6.600000000000000311e-01
-6.600000000000000311e-01
-6.600000000000000311e-01
-6.600000000000000311e-01
-6.600000000000000311e-01
-6.600000000000000311e-01
-6.600000000000000311e-01
-6.600000000000000311e-01
-6.600000000000000311e-01
-5.400000000000000355e-01
-4.000000000000000222e-01
-2.099999999999999922e-01
-2.099999999999999922e-01
-2.099999999999999922e-01
4.099999999999999756e-01
5.799999999999999600e-01
6.600000000000000311e-01
1.020000000000000018e+00
1.760000000000000009e+00
1.909999999999999920e+00
2.660000000000000142e+00
3.740000000000000213e+00
4.240000000000000213e+00
4.719999999999999751e+00
4.839999999999999858e+00
5.219999999999999751e+00
5.280000000000000249e+00
5.459999999999999964e+00
5.759999999999999787e+00
6.360000000000000320e+00
6.959999999999999964e+00
6.959999999999999964e+00
7.540000000000000036e+00
8.859999999999999432e+00
8.919999999999999929e+00
9.240000000000000213e+00
1.030000000000000071e+01
1.050000000000000000e+01
1.122000000000000064e+01
1.190000000000000036e+01
1.191999999999999993e+01
1.266000000000000014e+01
1.351999999999999957e+01
1.403999999999999915e+01
1.446000000000000085e+01
1.530000000000000071e+01
1.548000000000000043e+01
1.598000000000000043e+01
1.621999999999999886e+01
1.621999999999999886e+01
1.635999999999999943e+01
1.683999999999999986e+01
1.683999999999999986e+01
1.698000000000000043e+01
1.732000000000000028e+01
1.751999999999999957e+01
1.826000000000000156e+01
1.835999999999999943e+01
1.855999999999999872e+01
1.907999999999999829e+01
1.962000000000000099e+01
1.973999999999999844e+01
1.992000000000000171e+01
1.992000000000000171e+01
1.992000000000000171e+01
1.992000000000000171e+01
1.992000000000000171e+01
1.992000000000000171e+01
1.992000000000000171e+01
1.992000000000000171e+01
1.992000000000000171e+01
2.032000000000000028e+01
2.078000000000000114e+01
2.094000000000000128e+01
2.169999999999999929e+01
2.187999999999999901e+01
2.248000000000000043e+01
2.267999999999999972e+01
2.287999999999999901e+01
2.339999999999999858e+01
2.339999999999999858e+01
2.355999999999999872e+01
2.378000000000000114e+01
2.400000000000000000e+01
2.400000000000000000e+01
2.400000000000000000e+01
2.400000000000000000e+01
2.419999999999999929e+01
2.448000000000000043e+01
2.448000000000000043e+01
2.448000000000000043e+01
2.448000000000000043e+01
2.480000000000000071e+01
2.557999999999999829e+01
2.557999999999999829e+01
2.648000000000000043e+01
2.655999999999999872e+01
2.730000000000000071e+01
2.730000000000000071e+01
2.733999999999999986e+01
2.733999999999999986e+01
2.733999999999999986e+01
2.733999999999999986e+01
2.733999999999999986e+01
2.733999999999999986e+01
2.733999999999999986e+01
2.733999999999999986e+01
2.733999999999999986e+01
2.733999999999999986e+01
2.733999999999999986e+01
2.733999999999999986e+01
2.733999999999999986e+01
2.733999999999999986e+01
2.733999999999999986e+01
2.733999999999999986e+01
2.821999999999999886e+01
2.950000000000000000e+01
2.950000000000000000e+01
2.978000000000000114e+01
3.014000000000000057e+01
3.033999999999999986e+01
3.033999999999999986e+01
3.100000000000000000e+01
3.100000000000000000e+01
3.194000000000000128e+01
3.210000000000000142e+01
3.228000000000000114e+01
3.314000000000000057e+01
3.400000000000000000e+01
3.428000000000000114e+01
3.452000000000000313e+01
3.521999999999999886e+01
3.593999999999999773e+01
3.602000000000000313e+01
3.638000000000000256e+01
3.693999999999999773e+01
3.793999999999999773e+01
3.815999999999999659e+01
3.867999999999999972e+01
3.882000000000000028e+01
3.915999999999999659e+01
3.997999999999999687e+01
4.014000000000000057e+01
4.014000000000000057e+01
4.014000000000000057e+01
4.014000000000000057e+01
4.014000000000000057e+01
4.014000000000000057e+01
4.014000000000000057e+01
4.014000000000000057e+01
4.014000000000000057e+01
4.014000000000000057e+01
4.014000000000000057e+01
4.014000000000000057e+01
4.025999999999999801e+01
4.025999999999999801e+01
4.025999999999999801e+01
4.025999999999999801e+01
4.025999999999999801e+01
4.025999999999999801e+01
4.025999999999999801e+01
4.025999999999999801e+01
4.025999999999999801e+01
4.115999999999999659e+01
4.160000000000000142e+01
4.171999999999999886e+01
4.171999999999999886e+01
4.171999999999999886e+01
4.224000000000000199e+01
4.284000000000000341e+01
4.356000000000000227e+01
4.356000000000000227e+01
4.378000000000000114e+01
4.475999999999999801e+01
4.539999999999999858e+01
4.553999999999999915e+01
4.574000000000000199e+01
4.574000000000000199e+01
4.596000000000000085e+01
4.596000000000000085e+01
4.639999999999999858e+01
4.664000000000000057e+01
4.664000000000000057e+01
4.664000000000000057e+01
4.664000000000000057e+01
4.664000000000000057e+01
4.664000000000000057e+01
4.664000000000000057e+01
4.710000000000000142e+01
4.710000000000000142e+01
4.785999999999999943e+01
4.843999999999999773e+01
4.846000000000000085e+01
4.846000000000000085e+01
4.943999999999999773e+01
4.946000000000000085e+01
5.165999999999999659e+01
5.265999999999999659e+01
5.265999999999999659e+01
5.265999999999999659e+01
5.265999999999999659e+01
5.265999999999999659e+01
5.265999999999999659e+01
5.274000000000000199e+01
5.274000000000000199e+01
5.311999999999999744e+01
5.388000000000000256e+01
5.442000000000000171e+01
5.447999999999999687e+01
5.534000000000000341e+01
5.543999999999999773e+01
5.646000000000000085e+01
5.667999999999999972e+01
5.820000000000000284e+01
5.847999999999999687e+01
5.870000000000000284e+01
5.870000000000000284e+01
5.870000000000000284e+01
5.924000000000000199e+01
5.984000000000000341e+01
6.050000000000000000e+01
6.097999999999999687e+01
6.097999999999999687e+01
6.097999999999999687e+01
6.097999999999999687e+01
6.097999999999999687e+01
6.097999999999999687e+01
6.097999999999999687e+01
6.097999999999999687e+01
6.097999999999999687e+01
6.097999999999999687e+01
6.157999999999999829e+01
6.207999999999999829e+01
6.271999999999999886e+01
6.275999999999999801e+01
6.324000000000000199e+01
6.324000000000000199e+01
6.361999999999999744e+01
6.454000000000000625e+01
6.495999999999999375e+01
6.648000000000000398e+01
6.648000000000000398e+01
6.648000000000000398e+01
6.651999999999999602e+01
6.664000000000000057e+01
6.784000000000000341e+01
6.945999999999999375e+01
6.945999999999999375e+01
6.945999999999999375e+01
6.945999999999999375e+01
6.945999999999999375e+01
6.945999999999999375e+01
6.970000000000000284e+01
7.015999999999999659e+01
7.015999999999999659e+01
7.015999999999999659e+01
7.015999999999999659e+01
7.015999999999999659e+01
7.015999999999999659e+01
7.015999999999999659e+01
7.015999999999999659e+01
7.015999999999999659e+01
7.015999999999999659e+01
7.015999999999999659e+01
7.015999999999999659e+01
7.015999999999999659e+01
7.015999999999999659e+01
7.015999999999999659e+01
7.015999999999999659e+01
7.015999999999999659e+01
7.015999999999999659e+01
7.015999999999999659e+01
7.015999999999999659e+01
7.015999999999999659e+01
7.015999999999999659e+01
7.015999999999999659e+01
7.015999999999999659e+01
7.015999999999999659e+01
7.015999999999999659e+01
7.015999999999999659e+01
7.015999999999999659e+01
7.015999999999999659e+01
7.015999999999999659e+01
7.015999999999999659e+01
7.015999999999999659e+01
7.056000000000000227e+01
7.371999999999999886e+01
7.371999999999999886e+01
7.406000000000000227e+01
7.445999999999999375e+01
7.514000000000000057e+01
7.562000000000000455e+01
7.662000000000000455e+01
7.706000000000000227e+01
7.706000000000000227e+01
7.706000000000000227e+01
7.706000000000000227e+01
7.706000000000000227e+01
7.706000000000000227e+01
7.706000000000000227e+01
7.706000000000000227e+01
7.706000000000000227e+01
7.706000000000000227e+01
7.706000000000000227e+01
7.706000000000000227e+01
7.706000000000000227e+01
7.706000000000000227e+01
7.706000000000000227e+01
7.706000000000000227e+01
7.706000000000000227e+01
7.706000000000000227e+01
7.706000000000000227e+01
7.706000000000000227e+01
7.706000000000000227e+01
7.706000000000000227e+01
7.706000000000000227e+01
7.706000000000000227e+01
7.754000000000000625e+01
7.862000000000000455e+01
7.879999999999999716e+01
7.968000000000000682e+01
8.115999999999999659e+01
8.115999999999999659e+01
8.131999999999999318e+01
8.415999999999999659e+01
8.476000000000000512e+01
8.545999999999999375e+01
8.545999999999999375e+01
8.559999999999999432e+01
8.665999999999999659e+01
8.734000000000000341e+01
8.734000000000000341e+01
8.734000000000000341e+01
8.937999999999999545e+01
9.054000000000000625e+01
9.206000000000000227e+01
9.420000000000000284e+01
9.420000000000000284e+01
9.434000000000000341e+01
9.434000000000000341e+01
9.434000000000000341e+01
9.434000000000000341e+01
9.435999999999999943e+01
9.526000000000000512e+01
9.754000000000000625e+01
9.754000000000000625e+01
9.754000000000000625e+01
9.754000000000000625e+01
9.754000000000000625e+01
9.754000000000000625e+01
9.754000000000000625e+01
9.754000000000000625e+01
9.754000000000000625e+01
9.754000000000000625e+01
9.754000000000000625e+01
9.878000000000000114e+01
1.004800000000000040e+02
1.007000000000000028e+02
1.007000000000000028e+02
1.016400000000000006e+02
1.040999999999999943e+02
1.057399999999999949e+02
1.079599999999999937e+02
1.096400000000000006e+02
1.096400000000000006e+02
1.098400000000000034e+02
1.099399999999999977e+02
1.101200000000000045e+02
1.101200000000000045e+02
1.105600000000000023e+02
1.108400000000000034e+02
1.116400000000000006e+02
1.121599999999999966e+02
1.128400000000000034e+02
1.134599999999999937e+02
1.150999999999999943e+02
1.152000000000000028e+02
1.159399999999999977e+02
1.160400000000000063e+02
1.172399999999999949e+02
1.187800000000000011e+02
1.187800000000000011e+02
1.187800000000000011e+02
1.187800000000000011e+02
1.187800000000000011e+02
1.187800000000000011e+02
1.187800000000000011e+02
1.187800000000000011e+02
1.187800000000000011e+02
1.187800000000000011e+02
1.187800000000000011e+02
1.187800000000000011e+02
1.187800000000000011e+02
1.187800000000000011e+02
1.187800000000000011e+02
1.187800000000000011e+02
1.187800000000000011e+02
1.187800000000000011e+02
1.187800000000000011e+02
1.202600000000000051e+02
1.209599999999999937e+02
1.227199999999999989e+02
1.228799999999999955e+02
1.230600000000000023e+02
1.230600000000000023e+02
1.230600000000000023e+02
1.230600000000000023e+02
1.243199999999999932e+02
1.252000000000000028e+02
1.252000000000000028e+02
1.261800000000000068e+02
1.280200000000000102e+02
1.280200000000000102e+02
1.280200000000000102e+02
1.280200000000000102e+02
1.280200000000000102e+02
1.280200000000000102e+02
1.280200000000000102e+02
1.280200000000000102e+02
1.283199999999999932e+02
1.283199999999999932e+02
1.283199999999999932e+02
1.288400000000000034e+02
1.288400000000000034e+02
1.288400000000000034e+02
1.288400000000000034e+02
1.288400000000000034e+02
1.288400000000000034e+02
1.288400000000000034e+02
1.297599999999999909e+02
1.299399999999999977e+02
1.299399999999999977e+02
1.305200000000000102e+02
1.305200000000000102e+02
1.305200000000000102e+02
1.324399999999999977e+02
1.324399999999999977e+02
1.324399999999999977e+02
1.324399999999999977e+02
1.324399999999999977e+02
1.324399999999999977e+02
1.324399999999999977e+02
1.324399999999999977e+02
1.324399999999999977e+02
1.324399999999999977e+02
1.324399999999999977e+02
1.324399999999999977e+02
1.324399999999999977e+02
1.324399999999999977e+02
1.324399999999999977e+02
1.324399999999999977e+02
1.324399999999999977e+02
1.324399999999999977e+02
1.324399999999999977e+02
1.324399999999999977e+02
1.324399999999999977e+02
1.331999999999999886e+02
1.331999999999999886e+02
1.331999999999999886e+02
1.331999999999999886e+02
1.331999999999999886e+02
1.331999999999999886e+02
1.331999999999999886e+02
1.331999999999999886e+02
1.336599999999999966e+02
1.336599999999999966e+02
1.345600000000000023e+02
1.385800000000000125e+02
1.385800000000000125e+02
1.407400000000000091e+02
1.441999999999999886e+02
1.441999999999999886e+02
1.450800000000000125e+02
1.458400000000000034e+02
1.458400000000000034e+02
1.478600000000000136e+02
1.509600000000000080e+02
1.534399999999999977e+02
1.542800000000000011e+02
1.542800000000000011e+02
1.542800000000000011e+02
1.542800000000000011e+02
1.542800000000000011e+02
1.542800000000000011e+02
1.542800000000000011e+02
1.542800000000000011e+02
1.542800000000000011e+02
1.542800000000000011e+02
1.542800000000000011e+02
1.542800000000000011e+02
1.542800000000000011e+02
1.542800000000000011e+02
1.542800000000000011e+02
1.542800000000000011e+02
1.542800000000000011e+02
1.542800000000000011e+02
1.542800000000000011e+02
1.542800000000000011e+02
1.542800000000000011e+02
1.542800000000000011e+02
1.542800000000000011e+02
1.542800000000000011e+02
1.542800000000000011e+02
1.542800000000000011e+02
1.542800000000000011e+02
1.542800000000000011e+02
1.542800000000000011e+02
1.542800000000000011e+02
1.542800000000000011e+02
1.542800000000000011e+02
1.542800000000000011e+02
1.542800000000000011e+02
1.542800000000000011e+02
1.542800000000000011e+02
1.542800000000000011e+02
1.542800000000000011e+02
1.542800000000000011e+02
1.542800000000000011e+02
1.542800000000000011e+02
1.542800000000000011e+02
1.542800000000000011e+02
1.542800000000000011e+02
1.542800000000000011e+02
1.542800000000000011e+02
1.542800000000000011e+02
1.542800000000000011e+02
1.542800000000000011e+02
1.542800000000000011e+02
1.542800000000000011e+02
1.542800000000000011e+02
1.542800000000000011e+02
1.542800000000000011e+02
1.542800000000000011e+02
1.542800000000000011e+02
1.542800000000000011e+02
1.542800000000000011e+02
1.570000000000000000e+02
1.570000000000000000e+02
1.570000000000000000e+02
1.586399999999999864e+02
1.586399999999999864e+02
1.586399999999999864e+02
1.586399999999999864e+02
1.586399999999999864e+02
1.586399999999999864e+02
1.586399999999999864e+02
1.586399999999999864e+02
1.586399999999999864e+02
1.586399999999999864e+02
1.586399999999999864e+02
1.586399999999999864e+02
1.586399999999999864e+02
1.586399999999999864e+02
1.586399999999999864e+02
1.586399999999999864e+02
1.586399999999999864e+02
1.586399999999999864e+02
1.586399999999999864e+02
1.586399999999999864e+02
1.586399999999999864e+02
1.586399999999999864e+02
1.586399999999999864e+02
1.586399999999999864e+02
1.586399999999999864e+02
1.586399999999999864e+02
1.586399999999999864e+02
1.586399999999999864e+02
1.586399999999999864e+02
1.586399999999999864e+02
1.586399999999999864e+02
1.591399999999999864e+02
1.603600000000000136e+02
1.610399999999999920e+02
1.610800000000000125e+02
1.656200000000000045e+02
1.656200000000000045e+02
1.656200000000000045e+02
1.662199999999999989e+02
1.664000000000000057e+02
1.664000000000000057e+02
1.665999999999999943e+02
1.669799999999999898e+02
1.669799999999999898e+02
1.669799999999999898e+02
1.669799999999999898e+02
1.671399999999999864e+02
1.679799999999999898e+02
1.679799999999999898e+02
1.699799999999999898e+02
1.717599999999999909e+02
1.725000000000000000e+02
1.727400000000000091e+02
1.727400000000000091e+02
1.727400000000000091e+02
1.727400000000000091e+02
1.727400000000000091e+02
1.727400000000000091e+02
1.727400000000000091e+02
1.727400000000000091e+02
1.727400000000000091e+02
1.727400000000000091e+02
1.727400000000000091e+02
1.730200000000000102e+02
1.736800000000000068e+02
1.736800000000000068e+02
1.738000000000000114e+02
1.738000000000000114e+02
1.738000000000000114e+02
1.738000000000000114e+02
1.738000000000000114e+02
1.738000000000000114e+02
1.738000000000000114e+02
1.738000000000000114e+02
1.738000000000000114e+02
1.738000000000000114e+02
1.738000000000000114e+02
1.738000000000000114e+02
1.738000000000000114e+02
1.738000000000000114e+02
1.738000000000000114e+02
1.738000000000000114e+02
1.738000000000000114e+02
1.738000000000000114e+02
1.738000000000000114e+02
1.738000000000000114e+02
1.738000000000000114e+02
1.738000000000000114e+02
1.738000000000000114e+02
1.738000000000000114e+02
1.738000000000000114e+02
1.738000000000000114e+02
1.738000000000000114e+02
1.738000000000000114e+02
1.738000000000000114e+02
1.738000000000000114e+02
1.738000000000000114e+02
1.738000000000000114e+02
1.738000000000000114e+02
1.738000000000000114e+02
1.738000000000000114e+02
