-6.600000000000000311e-01
-1.219999999999999973e+00
-1.459999999999999964e+00
-1.570000000000000062e+00
-1.459999999999999964e+00
-1.760000000000000009e+00
-1.780000000000000027e+00
-1.610000000000000098e+00
-1.840000000000000080e+00
-1.179999999999999938e+00
-1.090000000000000080e+00
-9.499999999999999556e-01
-8.299999999999999600e-01
-1.149999999999999911e+00
-1.340000000000000080e+00
-1.530000000000000027e+00
-1.280000000000000027e+00
-1.169999999999999929e+00
-7.199999999999999734e-01
-5.400000000000000355e-01
-4.000000000000000222e-01
-2.099999999999999922e-01
-3.499999999999999778e-01
-3.300000000000000155e-01
4.099999999999999756e-01
5.799999999999999600e-01
6.600000000000000311e-01
1.020000000000000018e+00
1.760000000000000009e+00
1.909999999999999920e+00
2.660000000000000142e+00
3.740000000000000213e+00
4.240000000000000213e+00
4.719999999999999751e+00
4.839999999999999858e+00
5.219999999999999751e+00
5.280000000000000249e+00
5.459999999999999964e+00
5.759999999999999787e+00
6.360000000000000320e+00
6.959999999999999964e+00
6.879999999999999893e+00
7.540000000000000036e+00
8.859999999999999432e+00
8.919999999999999929e+00
9.240000000000000213e+00
1.030000000000000071e+01
1.050000000000000000e+01
1.122000000000000064e+01
1.190000000000000036e+01
1.191999999999999993e+01
1.266000000000000014e+01
1.351999999999999957e+01
1.403999999999999915e+01
1.446000000000000085e+01
1.530000000000000071e+01
1.548000000000000043e+01
1.598000000000000043e+01
1.621999999999999886e+01
1.621999999999999886e+01
1.635999999999999943e+01
1.683999999999999986e+01
1.664000000000000057e+01
1.698000000000000043e+01
1.732000000000000028e+01
1.751999999999999957e+01
1.826000000000000156e+01
1.835999999999999943e+01
1.855999999999999872e+01
1.907999999999999829e+01
1.962000000000000099e+01
1.973999999999999844e+01
1.992000000000000171e+01
1.946000000000000085e+01
1.989999999999999858e+01
1.980000000000000071e+01
1.928000000000000114e+01
1.905999999999999872e+01
1.905999999999999872e+01
1.901999999999999957e+01
1.978000000000000114e+01
2.032000000000000028e+01
2.078000000000000114e+01
2.094000000000000128e+01
2.169999999999999929e+01
2.187999999999999901e+01
2.248000000000000043e+01
2.267999999999999972e+01
2.287999999999999901e+01
2.339999999999999858e+01
2.339999999999999858e+01
2.355999999999999872e+01
2.378000000000000114e+01
2.400000000000000000e+01
2.396000000000000085e+01
2.364000000000000057e+01
2.351999999999999957e+01
2.419999999999999929e+01
2.448000000000000043e+01
2.421999999999999886e+01
2.398000000000000043e+01
2.439999999999999858e+01
2.480000000000000071e+01
2.557999999999999829e+01
2.512000000000000099e+01
2.648000000000000043e+01
2.655999999999999872e+01
2.730000000000000071e+01
2.703999999999999915e+01
2.733999999999999986e+01
2.682000000000000028e+01
2.628000000000000114e+01
2.630000000000000071e+01
2.550000000000000000e+01
2.516000000000000014e+01
2.494000000000000128e+01
2.414000000000000057e+01
2.417999999999999972e+01
2.378000000000000114e+01
2.401999999999999957e+01
2.423999999999999844e+01
2.444000000000000128e+01
2.444000000000000128e+01
2.594000000000000128e+01
2.600000000000000000e+01
2.821999999999999886e+01
2.950000000000000000e+01
2.910000000000000142e+01
2.978000000000000114e+01
3.014000000000000057e+01
3.033999999999999986e+01
3.028000000000000114e+01
3.100000000000000000e+01
3.076000000000000156e+01
3.194000000000000128e+01
3.210000000000000142e+01
3.228000000000000114e+01
3.314000000000000057e+01
3.400000000000000000e+01
3.428000000000000114e+01
3.452000000000000313e+01
3.521999999999999886e+01
3.593999999999999773e+01
3.602000000000000313e+01
3.638000000000000256e+01
3.693999999999999773e+01
3.793999999999999773e+01
3.815999999999999659e+01
3.867999999999999972e+01
3.882000000000000028e+01
3.915999999999999659e+01
3.997999999999999687e+01
4.014000000000000057e+01
3.947999999999999687e+01
3.950000000000000000e+01
3.935999999999999943e+01
3.915999999999999659e+01
3.914000000000000057e+01
3.874000000000000199e+01
3.914000000000000057e+01
3.882000000000000028e+01
3.960000000000000142e+01
3.960000000000000142e+01
3.996000000000000085e+01
4.025999999999999801e+01
4.002000000000000313e+01
3.965999999999999659e+01
3.903999999999999915e+01
3.860000000000000142e+01
3.907999999999999829e+01
3.932000000000000028e+01
3.965999999999999659e+01
3.961999999999999744e+01
4.115999999999999659e+01
4.160000000000000142e+01
4.171999999999999886e+01
4.128000000000000114e+01
4.125999999999999801e+01
4.224000000000000199e+01
4.284000000000000341e+01
4.356000000000000227e+01
4.282000000000000028e+01
4.378000000000000114e+01
4.475999999999999801e+01
4.539999999999999858e+01
4.553999999999999915e+01
4.574000000000000199e+01
4.556000000000000227e+01
4.596000000000000085e+01
4.571999999999999886e+01
4.639999999999999858e+01
4.664000000000000057e+01
4.629999999999999716e+01
4.574000000000000199e+01
4.535999999999999943e+01
4.556000000000000227e+01
4.615999999999999659e+01
4.656000000000000227e+01
4.710000000000000142e+01
4.674000000000000199e+01
4.785999999999999943e+01
4.843999999999999773e+01
4.846000000000000085e+01
4.843999999999999773e+01
4.943999999999999773e+01
4.946000000000000085e+01
5.165999999999999659e+01
5.265999999999999659e+01
5.157999999999999829e+01
5.085999999999999943e+01
5.132000000000000028e+01
5.192000000000000171e+01
5.261999999999999744e+01
5.274000000000000199e+01
5.257999999999999829e+01
5.311999999999999744e+01
5.388000000000000256e+01
5.442000000000000171e+01
5.447999999999999687e+01
5.534000000000000341e+01
5.543999999999999773e+01
5.646000000000000085e+01
5.667999999999999972e+01
5.820000000000000284e+01
5.847999999999999687e+01
5.870000000000000284e+01
5.846000000000000085e+01
5.864000000000000057e+01
5.924000000000000199e+01
5.984000000000000341e+01
6.050000000000000000e+01
6.097999999999999687e+01
6.074000000000000199e+01
6.025999999999999801e+01
6.032000000000000028e+01
5.971999999999999886e+01
5.792000000000000171e+01
5.810000000000000142e+01
5.874000000000000199e+01
6.024000000000000199e+01
6.089999999999999858e+01
6.157999999999999829e+01
6.207999999999999829e+01
6.271999999999999886e+01
6.275999999999999801e+01
6.324000000000000199e+01
6.279999999999999716e+01
6.361999999999999744e+01
6.454000000000000625e+01
6.495999999999999375e+01
6.648000000000000398e+01
6.618000000000000682e+01
6.537999999999999545e+01
6.651999999999999602e+01
6.664000000000000057e+01
6.784000000000000341e+01
6.945999999999999375e+01
6.926000000000000512e+01
6.923999999999999488e+01
6.926000000000000512e+01
6.885999999999999943e+01
6.918000000000000682e+01
6.970000000000000284e+01
7.015999999999999659e+01
6.935999999999999943e+01
6.945999999999999375e+01
6.837999999999999545e+01
6.828000000000000114e+01
6.871999999999999886e+01
6.818000000000000682e+01
6.742000000000000171e+01
6.659999999999999432e+01
6.606000000000000227e+01
6.550000000000000000e+01
6.657999999999999829e+01
6.679999999999999716e+01
6.659999999999999432e+01
6.473999999999999488e+01
6.593999999999999773e+01
6.581999999999999318e+01
6.445999999999999375e+01
6.592000000000000171e+01
6.840000000000000568e+01
6.806000000000000227e+01
6.756000000000000227e+01
6.692000000000000171e+01
6.593999999999999773e+01
6.612000000000000455e+01
6.621999999999999886e+01
6.714000000000000057e+01
6.864000000000000057e+01
6.976000000000000512e+01
6.865999999999999659e+01
6.848000000000000398e+01
6.884000000000000341e+01
7.056000000000000227e+01
7.371999999999999886e+01
7.343999999999999773e+01
7.406000000000000227e+01
7.445999999999999375e+01
7.514000000000000057e+01
7.562000000000000455e+01
7.662000000000000455e+01
7.706000000000000227e+01
7.528000000000000114e+01
7.450000000000000000e+01
7.468000000000000682e+01
7.701999999999999602e+01
7.559999999999999432e+01
7.570000000000000284e+01
7.600000000000000000e+01
7.514000000000000057e+01
7.379999999999999716e+01
7.179999999999999716e+01
7.279999999999999716e+01
7.385999999999999943e+01
7.423999999999999488e+01
7.671999999999999886e+01
7.662000000000000455e+01
7.656000000000000227e+01
7.557999999999999829e+01
7.529999999999999716e+01
7.518000000000000682e+01
7.671999999999999886e+01
7.564000000000000057e+01
7.573999999999999488e+01
7.628000000000000114e+01
7.754000000000000625e+01
7.862000000000000455e+01
7.879999999999999716e+01
7.968000000000000682e+01
8.115999999999999659e+01
8.078000000000000114e+01
8.131999999999999318e+01
8.415999999999999659e+01
8.476000000000000512e+01
8.545999999999999375e+01
8.445999999999999375e+01
8.559999999999999432e+01
8.665999999999999659e+01
8.734000000000000341e+01
8.685999999999999943e+01
8.670000000000000284e+01
8.937999999999999545e+01
9.054000000000000625e+01
9.206000000000000227e+01
9.420000000000000284e+01
9.381999999999999318e+01
9.434000000000000341e+01
9.323999999999999488e+01
9.362000000000000455e+01
9.323999999999999488e+01
9.435999999999999943e+01
9.526000000000000512e+01
9.754000000000000625e+01
9.720000000000000284e+01
9.634000000000000341e+01
9.535999999999999943e+01
9.568000000000000682e+01
9.654000000000000625e+01
9.415999999999999659e+01
9.479999999999999716e+01
9.645999999999999375e+01
9.735999999999999943e+01
9.709999999999999432e+01
9.878000000000000114e+01
1.004800000000000040e+02
1.007000000000000028e+02
9.990000000000000568e+01
1.016400000000000006e+02
1.040999999999999943e+02
1.057399999999999949e+02
1.079599999999999937e+02
1.096400000000000006e+02
1.095799999999999983e+02
1.098400000000000034e+02
1.099399999999999977e+02
1.101200000000000045e+02
1.091599999999999966e+02
1.105600000000000023e+02
1.108400000000000034e+02
1.116400000000000006e+02
1.121599999999999966e+02
1.128400000000000034e+02
1.134599999999999937e+02
1.150999999999999943e+02
1.152000000000000028e+02
1.159399999999999977e+02
1.160400000000000063e+02
1.172399999999999949e+02
1.187800000000000011e+02
1.170799999999999983e+02
1.168199999999999932e+02
1.173400000000000034e+02
1.159800000000000040e+02
1.155000000000000000e+02
1.153199999999999932e+02
1.180400000000000063e+02
1.183400000000000034e+02
1.178400000000000034e+02
1.180000000000000000e+02
1.169200000000000017e+02
1.167000000000000028e+02
1.173199999999999932e+02
1.166400000000000006e+02
1.172399999999999949e+02
1.176400000000000006e+02
1.177999999999999972e+02
1.184599999999999937e+02
1.202600000000000051e+02
1.209599999999999937e+02
1.227199999999999989e+02
1.228799999999999955e+02
1.230600000000000023e+02
1.210600000000000023e+02
1.203799999999999955e+02
1.220000000000000000e+02
1.243199999999999932e+02
1.252000000000000028e+02
1.250199999999999960e+02
1.261800000000000068e+02
1.280200000000000102e+02
1.271800000000000068e+02
1.265400000000000063e+02
1.270799999999999983e+02
1.275799999999999983e+02
1.271400000000000006e+02
1.262600000000000051e+02
1.270999999999999943e+02
1.283199999999999932e+02
1.263199999999999932e+02
1.273199999999999932e+02
1.288400000000000034e+02
1.278599999999999994e+02
1.285999999999999943e+02
1.280000000000000000e+02
1.276400000000000006e+02
1.285600000000000023e+02
1.286599999999999966e+02
1.297599999999999909e+02
1.299399999999999977e+02
1.277399999999999949e+02
1.305200000000000102e+02
1.293400000000000034e+02
1.305200000000000102e+02
1.324399999999999977e+02
1.309399999999999977e+02
1.273199999999999932e+02
1.254800000000000040e+02
1.258199999999999932e+02
1.242399999999999949e+02
1.248199999999999932e+02
1.256200000000000045e+02
1.267999999999999972e+02
1.300200000000000102e+02
1.297400000000000091e+02
1.290399999999999920e+02
1.285000000000000000e+02
1.279200000000000017e+02
1.282199999999999989e+02
1.311999999999999886e+02
1.318000000000000114e+02
1.301599999999999966e+02
1.302800000000000011e+02
1.315200000000000102e+02
1.320999999999999943e+02
1.331999999999999886e+02
1.330999999999999943e+02
1.312800000000000011e+02
1.325200000000000102e+02
1.299799999999999898e+02
1.328799999999999955e+02
1.331599999999999966e+02
1.325999999999999943e+02
1.336599999999999966e+02
1.322199999999999989e+02
1.345600000000000023e+02
1.385800000000000125e+02
1.375000000000000000e+02
1.407400000000000091e+02
1.441999999999999886e+02
1.435800000000000125e+02
1.450800000000000125e+02
1.458400000000000034e+02
1.454799999999999898e+02
1.478600000000000136e+02
1.509600000000000080e+02
1.534399999999999977e+02
1.542800000000000011e+02
1.520999999999999943e+02
1.490399999999999920e+02
1.487800000000000011e+02
1.490999999999999943e+02
1.487599999999999909e+02
1.461399999999999864e+02
1.447800000000000011e+02
1.452599999999999909e+02
1.456999999999999886e+02
1.484600000000000080e+02
1.479000000000000057e+02
1.505600000000000023e+02
1.491200000000000045e+02
1.479000000000000057e+02
1.494000000000000057e+02
1.503199999999999932e+02
1.508000000000000114e+02
1.499399999999999977e+02
1.500000000000000000e+02
1.486999999999999886e+02
1.464000000000000057e+02
1.466200000000000045e+02
1.468000000000000114e+02
1.466999999999999886e+02
1.435800000000000125e+02
1.427599999999999909e+02
1.413799999999999955e+02
1.365200000000000102e+02
1.364399999999999977e+02
1.362199999999999989e+02
1.380600000000000023e+02
1.417800000000000011e+02
1.410600000000000023e+02
1.426800000000000068e+02
1.439000000000000057e+02
1.444799999999999898e+02
1.456200000000000045e+02
1.451399999999999864e+02
1.442800000000000011e+02
1.453199999999999932e+02
1.455399999999999920e+02
1.454600000000000080e+02
1.462400000000000091e+02
1.465200000000000102e+02
1.470200000000000102e+02
1.466599999999999966e+02
1.445999999999999943e+02
1.455200000000000102e+02
1.454799999999999898e+02
1.474000000000000057e+02
1.498000000000000114e+02
1.486599999999999966e+02
1.485399999999999920e+02
1.475200000000000102e+02
1.504000000000000057e+02
1.512400000000000091e+02
1.519799999999999898e+02
1.570000000000000000e+02
1.566599999999999966e+02
1.566200000000000045e+02
1.586399999999999864e+02
1.557599999999999909e+02
1.545800000000000125e+02
1.539600000000000080e+02
1.538199999999999932e+02
1.519600000000000080e+02
1.528400000000000034e+02
1.531599999999999966e+02
1.541999999999999886e+02
1.551800000000000068e+02
1.551599999999999966e+02
1.546399999999999864e+02
1.549399999999999977e+02
1.556200000000000045e+02
1.563799999999999955e+02
1.565999999999999943e+02
1.574000000000000057e+02
1.550800000000000125e+02
1.553600000000000136e+02
1.545000000000000000e+02
1.545200000000000102e+02
1.545399999999999920e+02
1.556999999999999886e+02
1.575399999999999920e+02
1.584600000000000080e+02
1.585000000000000000e+02
1.578400000000000034e+02
1.574799999999999898e+02
1.582199999999999989e+02
1.581399999999999864e+02
1.573799999999999955e+02
1.591399999999999864e+02
1.603600000000000136e+02
1.610399999999999920e+02
1.610800000000000125e+02
1.656200000000000045e+02
1.652599999999999909e+02
1.653600000000000136e+02
1.662199999999999989e+02
1.664000000000000057e+02
1.660999999999999943e+02
1.665999999999999943e+02
1.669799999999999898e+02
1.647400000000000091e+02
1.639799999999999898e+02
1.641999999999999886e+02
1.671399999999999864e+02
1.679799999999999898e+02
1.678000000000000114e+02
1.699799999999999898e+02
1.717599999999999909e+02
1.725000000000000000e+02
1.727400000000000091e+02
1.691999999999999886e+02
1.695999999999999943e+02
1.693000000000000114e+02
1.697400000000000091e+02
1.697199999999999989e+02
1.708000000000000114e+02
1.718799999999999955e+02
1.721399999999999864e+02
1.715999999999999943e+02
1.724199999999999875e+02
1.730200000000000102e+02
1.736800000000000068e+02
1.732199999999999989e+02
1.738000000000000114e+02
1.721399999999999864e+02
1.692400000000000091e+02
1.686399999999999864e+02
1.685800000000000125e+02
1.676800000000000068e+02
1.674600000000000080e+02
1.681999999999999886e+02
1.690200000000000102e+02
1.686599999999999966e+02
1.681200000000000045e+02
1.693400000000000034e+02
1.699199999999999875e+02
1.695999999999999943e+02
1.668199999999999932e+02
1.666200000000000045e+02
1.667199999999999989e+02
1.684799999999999898e+02
1.682400000000000091e+02
1.675999999999999943e+02
1.680399999999999920e+02
1.683199999999999932e+02
1.682400000000000091e+02
1.673799999999999955e+02
1.678199999999999932e+02
1.689199999999999875e+02
1.690800000000000125e+02
1.696800000000000068e+02
1.701599999999999966e+02
1.695200000000000102e+02
1.680399999999999920e+02
1.711999999999999886e+02
1.726999999999999886e+02
1.711999999999999886e+02
1.713600000000000136e+02
