-inf
-inf
-inf
-inf
-inf
-inf
-inf
-inf
-inf
-inf
-4.821999999999999886e+02
-4.771999999999999886e+02
-4.771999999999999886e+02
-4.771999999999999886e+02
-4.771999999999999886e+02
-4.771999999999999886e+02
-4.771999999999999886e+02
-4.771999999999999886e+02
-4.771999999999999886e+02
-4.771999999999999886e+02
-4.771999999999999886e+02
-4.771999999999999886e+02
-4.771999999999999886e+02
-4.771999999999999886e+02
-4.771999999999999886e+02
-4.771999999999999886e+02
-4.771999999999999886e+02
-4.771999999999999886e+02
-4.771999999999999886e+02
-4.771999999999999886e+02
-4.753500000000000227e+02
-4.753500000000000227e+02
-4.753500000000000227e+02
-4.753500000000000227e+02
-4.753500000000000227e+02
-4.703000000000000114e+02
-4.703000000000000114e+02
-4.703000000000000114e+02
-4.703000000000000114e+02
-4.703000000000000114e+02
-4.703000000000000114e+02
-4.703000000000000114e+02
-4.703000000000000114e+02
-4.609499999999999886e+02
-4.609499999999999886e+02
-4.609499999999999886e+02
-4.609499999999999886e+02
-4.582500000000000000e+02
-4.569499999999999886e+02
-4.412500000000000000e+02
-4.412500000000000000e+02
-4.409499999999999886e+02
-4.313999999999999773e+02
-4.188500000000000227e+02
-4.177500000000000000e+02
-4.158000000000000114e+02
-4.158000000000000114e+02
-4.158000000000000114e+02
-4.158000000000000114e+02
-4.158000000000000114e+02
-4.158000000000000114e+02
-4.158000000000000114e+02
-4.158000000000000114e+02
-4.158000000000000114e+02
-4.158000000000000114e+02
-4.158000000000000114e+02
-4.155000000000000000e+02
-4.093500000000000227e+02
-4.085000000000000000e+02
-4.085000000000000000e+02
-4.083000000000000114e+02
-4.058999999999999773e+02
-3.985000000000000000e+02
-3.985000000000000000e+02
-3.965500000000000114e+02
-3.941000000000000227e+02
-3.878000000000000114e+02
-3.878000000000000114e+02
-3.878000000000000114e+02
-3.861499999999999773e+02
-3.838500000000000227e+02
-3.838500000000000227e+02
-3.838500000000000227e+02
-3.838500000000000227e+02
-3.838500000000000227e+02
-3.838500000000000227e+02
-3.838500000000000227e+02
-3.838500000000000227e+02
-3.838500000000000227e+02
-3.838500000000000227e+02
-3.838500000000000227e+02
-3.838500000000000227e+02
-3.838500000000000227e+02
-3.838500000000000227e+02
-3.838500000000000227e+02
-3.838500000000000227e+02
-3.838500000000000227e+02
-3.838500000000000227e+02
-3.838500000000000227e+02
-3.838500000000000227e+02
-3.838500000000000227e+02
-3.838500000000000227e+02
-3.838500000000000227e+02
-3.838500000000000227e+02
-3.838500000000000227e+02
-3.838500000000000227e+02
-3.790500000000000114e+02
-3.790500000000000114e+02
-3.790500000000000114e+02
-3.790500000000000114e+02
-3.790500000000000114e+02
-3.790500000000000114e+02
-3.790500000000000114e+02
-3.790500000000000114e+02
-3.790500000000000114e+02
-3.790500000000000114e+02
-3.790500000000000114e+02
-3.790500000000000114e+02
-3.790500000000000114e+02
-3.790500000000000114e+02
-3.784499999999999886e+02
-3.736000000000000227e+02
-3.732500000000000000e+02
-3.732500000000000000e+02
-3.732500000000000000e+02
-3.732500000000000000e+02
-3.732500000000000000e+02
-3.732500000000000000e+02
-3.732500000000000000e+02
-3.682500000000000000e+02
-3.682500000000000000e+02
-3.682500000000000000e+02
-3.682500000000000000e+02
-3.682500000000000000e+02
-3.682500000000000000e+02
-3.682500000000000000e+02
-3.682500000000000000e+02
-3.682500000000000000e+02
-3.682500000000000000e+02
-3.682500000000000000e+02
-3.682500000000000000e+02
-3.682500000000000000e+02
-3.682500000000000000e+02
-3.682500000000000000e+02
-3.682500000000000000e+02
-3.682500000000000000e+02
-3.682500000000000000e+02
-3.682500000000000000e+02
-3.682500000000000000e+02
-3.678500000000000227e+02
-3.668000000000000114e+02
-3.633000000000000114e+02
-3.633000000000000114e+02
-3.555000000000000000e+02
-3.532500000000000000e+02
-3.532500000000000000e+02
-3.532500000000000000e+02
-3.532500000000000000e+02
-3.532500000000000000e+02
-3.532500000000000000e+02
-3.501000000000000227e+02
-3.453999999999999773e+02
-3.388500000000000227e+02
-3.388500000000000227e+02
-3.388500000000000227e+02
-3.388500000000000227e+02
-3.388500000000000227e+02
-3.388500000000000227e+02
-3.388500000000000227e+02
-3.304499999999999886e+02
-3.304499999999999886e+02
-3.304499999999999886e+02
-3.304499999999999886e+02
-3.300500000000000114e+02
-3.197500000000000000e+02
-3.197500000000000000e+02
-3.197500000000000000e+02
-3.197500000000000000e+02
-3.197500000000000000e+02
-3.197500000000000000e+02
-3.197500000000000000e+02
-3.197500000000000000e+02
-3.197500000000000000e+02
-3.197500000000000000e+02
-3.197500000000000000e+02
-3.197500000000000000e+02
-3.192500000000000000e+02
-3.192500000000000000e+02
-3.192500000000000000e+02
-3.192500000000000000e+02
-3.192500000000000000e+02
-3.192500000000000000e+02
-3.192500000000000000e+02
-3.192500000000000000e+02
-3.171000000000000227e+02
-3.129499999999999886e+02
-3.129499999999999886e+02
-3.086499999999999773e+02
-3.085000000000000000e+02
-3.085000000000000000e+02
-3.000500000000000114e+02
-2.973500000000000227e+02
-2.971499999999999773e+02
-2.946499999999999773e+02
-2.946499999999999773e+02
-2.918000000000000114e+02
-2.896499999999999773e+02
-2.896499999999999773e+02
-2.896499999999999773e+02
-2.890000000000000000e+02
-2.888500000000000227e+02
-2.881000000000000227e+02
-2.849499999999999886e+02
-2.849499999999999886e+02
-2.849499999999999886e+02
-2.849499999999999886e+02
-2.849499999999999886e+02
-2.849499999999999886e+02
-2.848500000000000227e+02
-2.843000000000000114e+02
-2.833000000000000114e+02
-2.833000000000000114e+02
-2.833000000000000114e+02
-2.833000000000000114e+02
-2.833000000000000114e+02
-2.801999999999999886e+02
-2.775500000000000114e+02
-2.745000000000000000e+02
-2.744499999999999886e+02
-2.744499999999999886e+02
-2.744499999999999886e+02
-2.744499999999999886e+02
-2.744499999999999886e+02
-2.744499999999999886e+02
-2.741000000000000227e+02
-2.709499999999999886e+02
-2.709499999999999886e+02
-2.709499999999999886e+02
-2.709499999999999886e+02
-2.673000000000000114e+02
-2.673000000000000114e+02
-2.673000000000000114e+02
-2.654499999999999886e+02
-2.654499999999999886e+02
-2.650500000000000114e+02
-2.636999999999999886e+02
-2.636999999999999886e+02
-2.636999999999999886e+02
-2.613000000000000114e+02
-2.596000000000000227e+02
-2.591999999999999886e+02
-2.579499999999999886e+02
-2.579499999999999886e+02
-2.579499999999999886e+02
-2.570500000000000114e+02
-2.570500000000000114e+02
-2.546500000000000057e+02
-2.545999999999999943e+02
-2.523000000000000114e+02
-2.510000000000000000e+02
-2.510000000000000000e+02
-2.500000000000000000e+02
-2.500000000000000000e+02
-2.499000000000000057e+02
-2.470500000000000114e+02
-2.466999999999999886e+02
-2.460999999999999943e+02
-2.427500000000000000e+02
-2.425000000000000000e+02
-2.425000000000000000e+02
-2.425000000000000000e+02
-2.425000000000000000e+02
-2.425000000000000000e+02
-2.425000000000000000e+02
-2.425000000000000000e+02
-2.397500000000000000e+02
-2.350000000000000000e+02
-2.350000000000000000e+02
-2.350000000000000000e+02
-2.350000000000000000e+02
-2.323000000000000114e+02
-2.323000000000000114e+02
-2.323000000000000114e+02
-2.323000000000000114e+02
-2.323000000000000114e+02
-2.316999999999999886e+02
-2.316999999999999886e+02
-2.316999999999999886e+02
-2.316999999999999886e+02
-2.316999999999999886e+02
-2.296999999999999886e+02
-2.276999999999999886e+02
-2.276999999999999886e+02
-2.276999999999999886e+02
-2.276999999999999886e+02
-2.275999999999999943e+02
-2.218499999999999943e+02
-2.218499999999999943e+02
-2.218000000000000114e+02
-2.218000000000000114e+02
-2.218000000000000114e+02
-2.214499999999999886e+02
-2.198000000000000114e+02
-2.146500000000000057e+02
-2.146500000000000057e+02
-2.146500000000000057e+02
-2.144000000000000057e+02
-2.125500000000000114e+02
-2.115999999999999943e+02
-2.080999999999999943e+02
-2.080500000000000114e+02
-2.080500000000000114e+02
-2.080500000000000114e+02
-2.080500000000000114e+02
-2.080500000000000114e+02
-2.080500000000000114e+02
-2.080500000000000114e+02
-2.080500000000000114e+02
-2.080500000000000114e+02
-2.080500000000000114e+02
-2.080500000000000114e+02
-2.080500000000000114e+02
-2.080500000000000114e+02
-2.080500000000000114e+02
-2.080500000000000114e+02
-2.080500000000000114e+02
-2.080500000000000114e+02
-2.080500000000000114e+02
-2.080500000000000114e+02
-2.080500000000000114e+02
-2.080500000000000114e+02
-2.080500000000000114e+02
-2.080500000000000114e+02
-2.080500000000000114e+02
-2.080500000000000114e+02
-2.080500000000000114e+02
-2.080500000000000114e+02
-2.080500000000000114e+02
-2.051999999999999886e+02
-2.051999999999999886e+02
-2.051999999999999886e+02
-2.051999999999999886e+02
-2.051999999999999886e+02
-2.047500000000000000e+02
-2.033000000000000114e+02
-2.033000000000000114e+02
-2.033000000000000114e+02
-2.020000000000000000e+02
-2.020000000000000000e+02
-2.008000000000000114e+02
-2.008000000000000114e+02
-2.008000000000000114e+02
-1.994000000000000057e+02
-1.994000000000000057e+02
-1.994000000000000057e+02
-1.994000000000000057e+02
-1.994000000000000057e+02
-1.994000000000000057e+02
-1.994000000000000057e+02
-1.994000000000000057e+02
-1.994000000000000057e+02
-1.994000000000000057e+02
-1.994000000000000057e+02
-1.994000000000000057e+02
-1.994000000000000057e+02
-1.994000000000000057e+02
-1.994000000000000057e+02
-1.994000000000000057e+02
-1.994000000000000057e+02
-1.994000000000000057e+02
-1.994000000000000057e+02
-1.890999999999999943e+02
-1.871999999999999886e+02
-1.839000000000000057e+02
-1.818000000000000114e+02
-1.818000000000000114e+02
-1.818000000000000114e+02
-1.818000000000000114e+02
-1.818000000000000114e+02
-1.818000000000000114e+02
-1.818000000000000114e+02
-1.818000000000000114e+02
-1.818000000000000114e+02
-1.818000000000000114e+02
-1.818000000000000114e+02
-1.818000000000000114e+02
-1.818000000000000114e+02
-1.815000000000000000e+02
-1.815000000000000000e+02
-1.815000000000000000e+02
-1.815000000000000000e+02
-1.815000000000000000e+02
-1.815000000000000000e+02
-1.815000000000000000e+02
-1.815000000000000000e+02
-1.815000000000000000e+02
-1.815000000000000000e+02
-1.815000000000000000e+02
-1.815000000000000000e+02
-1.815000000000000000e+02
-1.815000000000000000e+02
-1.815000000000000000e+02
-1.815000000000000000e+02
-1.815000000000000000e+02
-1.815000000000000000e+02
-1.802500000000000000e+02
-1.794000000000000057e+02
-1.766999999999999886e+02
-1.742500000000000000e+02
-1.742500000000000000e+02
-1.742500000000000000e+02
-1.742500000000000000e+02
-1.742500000000000000e+02
-1.742500000000000000e+02
-1.735000000000000000e+02
-1.708000000000000114e+02
-1.708000000000000114e+02
-1.708000000000000114e+02
-1.708000000000000114e+02
-1.708000000000000114e+02
-1.708000000000000114e+02
-1.708000000000000114e+02
-1.708000000000000114e+02
-1.708000000000000114e+02
-1.708000000000000114e+02
-1.708000000000000114e+02
-1.700500000000000114e+02
-1.677500000000000000e+02
-1.622500000000000000e+02
-1.606999999999999886e+02
-1.580000000000000000e+02
-1.580000000000000000e+02
-1.574000000000000057e+02
-1.574000000000000057e+02
-1.574000000000000057e+02
-1.574000000000000057e+02
-1.560999999999999943e+02
-1.554000000000000057e+02
-1.513000000000000114e+02
-1.503499999999999943e+02
-1.486500000000000057e+02
-1.479000000000000057e+02
-1.479000000000000057e+02
-1.479000000000000057e+02
-1.465500000000000114e+02
-1.449000000000000057e+02
-1.435999999999999943e+02
-1.435999999999999943e+02
-1.435999999999999943e+02
-1.408499999999999943e+02
-1.393499999999999943e+02
-1.393000000000000114e+02
-1.393000000000000114e+02
-1.393000000000000114e+02
-1.393000000000000114e+02
-1.393000000000000114e+02
-1.392500000000000000e+02
-1.368000000000000114e+02
-1.320000000000000000e+02
-1.300000000000000000e+02
-1.300000000000000000e+02
-1.283499999999999943e+02
-1.278499999999999943e+02
-1.266500000000000057e+02
-1.266500000000000057e+02
-1.266500000000000057e+02
-1.266500000000000057e+02
-1.266500000000000057e+02
-1.266500000000000057e+02
-1.266500000000000057e+02
-1.266500000000000057e+02
-1.266500000000000057e+02
-1.266500000000000057e+02
-1.266500000000000057e+02
-1.246500000000000057e+02
-1.246500000000000057e+02
-1.236500000000000057e+02
-1.236500000000000057e+02
-1.224000000000000057e+02
-1.204000000000000057e+02
-1.173499999999999943e+02
-1.149500000000000028e+02
-1.148499999999999943e+02
-1.148499999999999943e+02
-1.147999999999999972e+02
-1.147999999999999972e+02
-1.142000000000000028e+02
-1.142000000000000028e+02
-1.142000000000000028e+02
-1.142000000000000028e+02
-1.142000000000000028e+02
-1.142000000000000028e+02
-1.142000000000000028e+02
-1.142000000000000028e+02
-1.142000000000000028e+02
-1.142000000000000028e+02
-1.142000000000000028e+02
-1.142000000000000028e+02
-1.142000000000000028e+02
-1.142000000000000028e+02
-1.142000000000000028e+02
-1.142000000000000028e+02
-1.109500000000000028e+02
-1.109500000000000028e+02
-1.109500000000000028e+02
-1.109500000000000028e+02
-1.109500000000000028e+02
-1.109500000000000028e+02
-1.109500000000000028e+02
-1.109500000000000028e+02
-1.109500000000000028e+02
-1.109500000000000028e+02
-1.109500000000000028e+02
-1.109500000000000028e+02
-1.109500000000000028e+02
-1.109500000000000028e+02
-1.109500000000000028e+02
-1.109500000000000028e+02
-1.109500000000000028e+02
-1.109500000000000028e+02
-1.109500000000000028e+02
-1.109500000000000028e+02
-1.109500000000000028e+02
-1.109500000000000028e+02
-1.109500000000000028e+02
-1.109500000000000028e+02
-1.109500000000000028e+02
-1.109500000000000028e+02
-1.109500000000000028e+02
-1.109500000000000028e+02
-1.109500000000000028e+02
-1.109500000000000028e+02
-1.107500000000000000e+02
-1.107500000000000000e+02
-1.107500000000000000e+02
-1.107500000000000000e+02
-1.107500000000000000e+02
-1.107500000000000000e+02
-1.107500000000000000e+02
-1.107500000000000000e+02
-1.107500000000000000e+02
-1.107500000000000000e+02
-1.107500000000000000e+02
-1.107500000000000000e+02
-1.107500000000000000e+02
-1.107500000000000000e+02
-1.107500000000000000e+02
-1.107500000000000000e+02
-1.107500000000000000e+02
-1.107500000000000000e+02
-1.107500000000000000e+02
-1.107500000000000000e+02
-1.107500000000000000e+02
-1.107500000000000000e+02
-1.107500000000000000e+02
-1.107500000000000000e+02
-1.107500000000000000e+02
-1.107500000000000000e+02
-1.107500000000000000e+02
-1.107500000000000000e+02
-1.107500000000000000e+02
-1.107500000000000000e+02
-1.107500000000000000e+02
-1.107500000000000000e+02
-1.107500000000000000e+02
-1.107500000000000000e+02
-1.107500000000000000e+02
-1.107500000000000000e+02
-1.107500000000000000e+02
-1.107500000000000000e+02
-1.107500000000000000e+02
-1.107500000000000000e+02
-1.107500000000000000e+02
-1.107500000000000000e+02
-1.107500000000000000e+02
-1.072000000000000028e+02
-1.070999999999999943e+02
-1.070999999999999943e+02
-1.070999999999999943e+02
-1.070999999999999943e+02
-1.070999999999999943e+02
-1.070999999999999943e+02
-1.070999999999999943e+02
-1.070999999999999943e+02
-1.070999999999999943e+02
-1.070999999999999943e+02
-1.070999999999999943e+02
-1.070999999999999943e+02
-1.070999999999999943e+02
-1.070999999999999943e+02
-1.070999999999999943e+02
-1.070999999999999943e+02
-1.070999999999999943e+02
-1.070999999999999943e+02
-1.070999999999999943e+02
-1.070999999999999943e+02
-1.070999999999999943e+02
-1.070999999999999943e+02
-1.070999999999999943e+02
-1.070999999999999943e+02
-1.070999999999999943e+02
-1.062999999999999972e+02
-1.062999999999999972e+02
-1.060499999999999972e+02
-1.053499999999999943e+02
-1.053499999999999943e+02
-1.015499999999999972e+02
-1.004000000000000057e+02
-9.790000000000000568e+01
-9.790000000000000568e+01
-9.790000000000000568e+01
-9.790000000000000568e+01
-9.790000000000000568e+01
-9.790000000000000568e+01
-9.790000000000000568e+01
-9.790000000000000568e+01
-9.790000000000000568e+01
-9.790000000000000568e+01
-9.790000000000000568e+01
-9.790000000000000568e+01
-9.790000000000000568e+01
-9.790000000000000568e+01
-9.790000000000000568e+01
-9.790000000000000568e+01
-9.790000000000000568e+01
-9.790000000000000568e+01
-9.754999999999999716e+01
-9.754999999999999716e+01
-9.754999999999999716e+01
-9.429999999999999716e+01
-9.279999999999999716e+01
-9.140000000000000568e+01
-9.054999999999999716e+01
-8.854999999999999716e+01
-8.784999999999999432e+01
-8.784999999999999432e+01
-8.784999999999999432e+01
-8.784999999999999432e+01
-8.784999999999999432e+01
-8.784999999999999432e+01
-8.784999999999999432e+01
-8.784999999999999432e+01
-8.604999999999999716e+01
-8.490000000000000568e+01
-8.340000000000000568e+01
-8.340000000000000568e+01
-8.200000000000000000e+01
-8.004999999999999716e+01
-7.840000000000000568e+01
-7.815000000000000568e+01
-7.815000000000000568e+01
-7.450000000000000000e+01
-7.450000000000000000e+01
-7.440000000000000568e+01
-7.440000000000000568e+01
-7.304999999999999716e+01
-7.184999999999999432e+01
-7.109999999999999432e+01
-7.000000000000000000e+01
-6.870000000000000284e+01
-6.870000000000000284e+01
-6.870000000000000284e+01
-6.729999999999999716e+01
-6.529999999999999716e+01
-6.529999999999999716e+01
-6.495000000000000284e+01
-6.310000000000000142e+01
-6.310000000000000142e+01
-6.310000000000000142e+01
-6.250000000000000000e+01
-5.989999999999999858e+01
-5.895000000000000284e+01
-5.895000000000000284e+01
-5.895000000000000284e+01
-5.889999999999999858e+01
-5.854999999999999716e+01
-5.739999999999999858e+01
-5.739999999999999858e+01
-5.739999999999999858e+01
-5.739999999999999858e+01
-5.739999999999999858e+01
-5.739999999999999858e+01
-5.739999999999999858e+01
-5.739999999999999858e+01
-5.739999999999999858e+01
-5.739999999999999858e+01
-5.739999999999999858e+01
-5.739999999999999858e+01
-5.739999999999999858e+01
-5.739999999999999858e+01
-5.739999999999999858e+01
-5.739999999999999858e+01
-5.739999999999999858e+01
-5.739999999999999858e+01
-5.739999999999999858e+01
-5.739999999999999858e+01
-5.739999999999999858e+01
-5.739999999999999858e+01
-5.739999999999999858e+01
-5.739999999999999858e+01
-5.739999999999999858e+01
-5.739999999999999858e+01
-5.739999999999999858e+01
-5.739999999999999858e+01
-5.739999999999999858e+01
-5.739999999999999858e+01
-5.739999999999999858e+01
-5.739999999999999858e+01
-5.739999999999999858e+01
-5.739999999999999858e+01
-5.739999999999999858e+01
-5.739999999999999858e+01
-5.739999999999999858e+01
-5.739999999999999858e+01
-5.739999999999999858e+01
-5.739999999999999858e+01
-5.739999999999999858e+01
-5.739999999999999858e+01
-5.739999999999999858e+01
-5.739999999999999858e+01
-5.739999999999999858e+01
-5.739999999999999858e+01
-5.739999999999999858e+01
-5.739999999999999858e+01
-5.739999999999999858e+01
-5.739999999999999858e+01
-5.739999999999999858e+01
-5.739999999999999858e+01
-5.739999999999999858e+01
-5.739999999999999858e+01
-5.739999999999999858e+01
-5.739999999999999858e+01
-5.739999999999999858e+01
-5.739999999999999858e+01
-5.739999999999999858e+01
-5.739999999999999858e+01
-5.739999999999999858e+01
-5.739999999999999858e+01
-5.739999999999999858e+01
-5.739999999999999858e+01
-5.739999999999999858e+01
-5.739999999999999858e+01
-5.739999999999999858e+01
-5.739999999999999858e+01
-5.739999999999999858e+01
-5.739999999999999858e+01
-5.739999999999999858e+01
-5.739999999999999858e+01
-5.739999999999999858e+01
-5.739999999999999858e+01
-5.739999999999999858e+01
-5.739999999999999858e+01
-5.739999999999999858e+01
-5.739999999999999858e+01
-5.739999999999999858e+01
-5.739999999999999858e+01
-5.739999999999999858e+01
-5.739999999999999858e+01
-5.739999999999999858e+01
-5.739999999999999858e+01
-5.739999999999999858e+01
-5.739999999999999858e+01
-5.739999999999999858e+01
-5.739999999999999858e+01
-5.739999999999999858e+01
-5.739999999999999858e+01
-5.739999999999999858e+01
-5.739999999999999858e+01
-5.739999999999999858e+01
-5.739999999999999858e+01
-5.739999999999999858e+01
-5.739999999999999858e+01
-5.739999999999999858e+01
-5.739999999999999858e+01
-5.739999999999999858e+01
-5.739999999999999858e+01
-5.739999999999999858e+01
-5.739999999999999858e+01
-5.739999999999999858e+01
-5.739999999999999858e+01
-5.739999999999999858e+01
-5.739999999999999858e+01
-5.739999999999999858e+01
-5.739999999999999858e+01
-5.739999999999999858e+01
-5.739999999999999858e+01
-5.739999999999999858e+01
-5.739999999999999858e+01
-5.739999999999999858e+01
-5.739999999999999858e+01
-5.739999999999999858e+01
-5.739999999999999858e+01
-5.739999999999999858e+01
-5.739999999999999858e+01
-5.739999999999999858e+01
-5.739999999999999858e+01
-5.739999999999999858e+01
-5.739999999999999858e+01
-5.739999999999999858e+01
-5.739999999999999858e+01
-5.739999999999999858e+01
-5.739999999999999858e+01
-5.739999999999999858e+01
-5.739999999999999858e+01
-5.739999999999999858e+01
-5.739999999999999858e+01
-5.739999999999999858e+01
-5.739999999999999858e+01
-5.739999999999999858e+01
-5.739999999999999858e+01
-5.739999999999999858e+01
-5.739999999999999858e+01
-5.739999999999999858e+01
-5.739999999999999858e+01
-5.739999999999999858e+01
-5.739999999999999858e+01
-5.739999999999999858e+01
-5.739999999999999858e+01
-5.739999999999999858e+01
-5.739999999999999858e+01
-5.739999999999999858e+01
-5.739999999999999858e+01
-5.620000000000000284e+01
-5.620000000000000284e+01
-5.620000000000000284e+01
-5.620000000000000284e+01
-5.620000000000000284e+01
-5.620000000000000284e+01
-5.620000000000000284e+01
-5.545000000000000284e+01
-5.470000000000000284e+01
-5.470000000000000284e+01
-5.175000000000000000e+01
-5.079999999999999716e+01
-5.079999999999999716e+01
-5.079999999999999716e+01
-5.079999999999999716e+01
-5.079999999999999716e+01
-5.079999999999999716e+01
-5.079999999999999716e+01
-5.079999999999999716e+01
-5.079999999999999716e+01
-5.079999999999999716e+01
-5.079999999999999716e+01
-5.079999999999999716e+01
-5.079999999999999716e+01
-5.079999999999999716e+01
-5.079999999999999716e+01
-5.079999999999999716e+01
-5.079999999999999716e+01
-5.079999999999999716e+01
-5.079999999999999716e+01
-5.079999999999999716e+01
-5.079999999999999716e+01
-5.079999999999999716e+01
-5.079999999999999716e+01
-5.079999999999999716e+01
-5.079999999999999716e+01
-5.079999999999999716e+01
-5.079999999999999716e+01
-5.079999999999999716e+01
-5.079999999999999716e+01
-5.079999999999999716e+01
-5.079999999999999716e+01
-5.079999999999999716e+01
-5.079999999999999716e+01
-5.079999999999999716e+01
-5.079999999999999716e+01
-5.079999999999999716e+01
-5.079999999999999716e+01
-5.079999999999999716e+01
-5.079999999999999716e+01
-5.079999999999999716e+01
-5.079999999999999716e+01
-5.079999999999999716e+01
-5.079999999999999716e+01
-5.079999999999999716e+01
-5.079999999999999716e+01
-5.079999999999999716e+01
-5.079999999999999716e+01
-5.079999999999999716e+01
-5.079999999999999716e+01
-5.079999999999999716e+01
-5.079999999999999716e+01
-5.079999999999999716e+01
-5.079999999999999716e+01
-5.079999999999999716e+01
-5.079999999999999716e+01
-5.079999999999999716e+01
-5.079999999999999716e+01
-5.079999999999999716e+01
-5.079999999999999716e+01
-5.079999999999999716e+01
-5.079999999999999716e+01
-4.950000000000000000e+01
-4.714999999999999858e+01
-4.614999999999999858e+01
-4.554999999999999716e+01
-4.554999999999999716e+01
-4.520000000000000284e+01
-4.520000000000000284e+01
-4.404999999999999716e+01
-4.204999999999999716e+01
-4.204999999999999716e+01
-4.204999999999999716e+01
-4.204999999999999716e+01
-4.204999999999999716e+01
-4.204999999999999716e+01
-4.204999999999999716e+01
-4.204999999999999716e+01
-4.204999999999999716e+01
-4.204999999999999716e+01
-4.204999999999999716e+01
-4.204999999999999716e+01
-4.204999999999999716e+01
-4.204999999999999716e+01
-4.204999999999999716e+01
-4.204999999999999716e+01
-4.204999999999999716e+01
-4.204999999999999716e+01
-4.204999999999999716e+01
-4.204999999999999716e+01
-4.204999999999999716e+01
-4.204999999999999716e+01
-4.204999999999999716e+01
-4.204999999999999716e+01
-4.204999999999999716e+01
-4.204999999999999716e+01
-4.204999999999999716e+01
-4.204999999999999716e+01
-4.204999999999999716e+01
-4.204999999999999716e+01
-4.204999999999999716e+01
-4.204999999999999716e+01
-4.204999999999999716e+01
-4.204999999999999716e+01
-4.204999999999999716e+01
-4.204999999999999716e+01
-4.204999999999999716e+01
-4.204999999999999716e+01
-4.204999999999999716e+01
-4.204999999999999716e+01
-4.204999999999999716e+01
-4.204999999999999716e+01
-4.204999999999999716e+01
-4.204999999999999716e+01
-4.204999999999999716e+01
-4.204999999999999716e+01
-4.204999999999999716e+01
-4.204999999999999716e+01
-4.204999999999999716e+01
-4.204999999999999716e+01
-4.204999999999999716e+01
-4.204999999999999716e+01
-4.204999999999999716e+01
-4.204999999999999716e+01
-4.204999999999999716e+01
-4.204999999999999716e+01
-4.204999999999999716e+01
-4.204999999999999716e+01
-4.204999999999999716e+01
-4.204999999999999716e+01
-4.204999999999999716e+01
-4.204999999999999716e+01
-4.204999999999999716e+01
-4.204999999999999716e+01
-4.204999999999999716e+01
-4.204999999999999716e+01
-4.204999999999999716e+01
-4.204999999999999716e+01
-4.204999999999999716e+01
-4.204999999999999716e+01
-4.204999999999999716e+01
-4.204999999999999716e+01
-4.204999999999999716e+01
-4.204999999999999716e+01
-4.204999999999999716e+01
-4.204999999999999716e+01
-4.204999999999999716e+01
-4.204999999999999716e+01
-4.204999999999999716e+01
-4.204999999999999716e+01
-4.204999999999999716e+01
-4.204999999999999716e+01
-4.204999999999999716e+01
-4.204999999999999716e+01
-4.204999999999999716e+01
-4.204999999999999716e+01
-4.204999999999999716e+01
-4.204999999999999716e+01
-4.204999999999999716e+01
-4.204999999999999716e+01
-4.204999999999999716e+01
-4.204999999999999716e+01
-4.204999999999999716e+01
-4.204999999999999716e+01
-4.095000000000000284e+01
-4.095000000000000284e+01
-4.095000000000000284e+01
-4.095000000000000284e+01
-3.879999999999999716e+01
-3.525000000000000000e+01
-3.164999999999999858e+01
-3.139999999999999858e+01
-2.955000000000000071e+01
-2.955000000000000071e+01
-2.955000000000000071e+01
-2.955000000000000071e+01
-2.955000000000000071e+01
-2.955000000000000071e+01
-2.955000000000000071e+01
-2.955000000000000071e+01
-2.955000000000000071e+01
-2.955000000000000071e+01
-2.955000000000000071e+01
-2.955000000000000071e+01
-2.955000000000000071e+01
2.639999999999999858e+01
2.639999999999999858e+01
2.639999999999999858e+01
2.689999999999999858e+01
2.839999999999999858e+01
3.514999999999999858e+01
3.520000000000000284e+01
3.675000000000000000e+01
4.035000000000000142e+01
4.035000000000000142e+01
4.110000000000000142e+01
4.195000000000000284e+01
5.320000000000000284e+01
5.420000000000000284e+01
5.450000000000000000e+01
5.529999999999999716e+01
5.660000000000000142e+01
5.825000000000000000e+01
6.070000000000000284e+01
6.225000000000000000e+01
6.385000000000000142e+01
6.570000000000000284e+01
6.795000000000000284e+01
7.004999999999999716e+01
7.120000000000000284e+01
7.120000000000000284e+01
7.120000000000000284e+01
7.120000000000000284e+01
7.120000000000000284e+01
7.120000000000000284e+01
7.120000000000000284e+01
7.120000000000000284e+01
7.120000000000000284e+01
7.120000000000000284e+01
7.120000000000000284e+01
7.120000000000000284e+01
7.120000000000000284e+01
7.120000000000000284e+01
7.120000000000000284e+01
7.120000000000000284e+01
7.120000000000000284e+01
7.120000000000000284e+01
7.120000000000000284e+01
7.120000000000000284e+01
7.120000000000000284e+01
7.120000000000000284e+01
7.120000000000000284e+01
7.120000000000000284e+01
7.120000000000000284e+01
7.120000000000000284e+01
7.120000000000000284e+01
7.120000000000000284e+01
7.120000000000000284e+01
7.120000000000000284e+01
7.120000000000000284e+01
7.150000000000000000e+01
7.315000000000000568e+01
7.315000000000000568e+01
7.315000000000000568e+01
7.315000000000000568e+01
7.315000000000000568e+01
7.425000000000000000e+01
7.895000000000000284e+01
7.909999999999999432e+01
7.909999999999999432e+01
8.125000000000000000e+01
8.125000000000000000e+01
8.125000000000000000e+01
8.125000000000000000e+01
8.125000000000000000e+01
8.125000000000000000e+01
8.125000000000000000e+01
8.125000000000000000e+01
8.125000000000000000e+01
8.125000000000000000e+01
8.125000000000000000e+01
8.125000000000000000e+01
8.125000000000000000e+01
8.125000000000000000e+01
8.125000000000000000e+01
8.125000000000000000e+01
8.125000000000000000e+01
8.125000000000000000e+01
8.125000000000000000e+01
8.125000000000000000e+01
8.125000000000000000e+01
9.384999999999999432e+01
9.384999999999999432e+01
1.303499999999999943e+02
1.331500000000000057e+02
1.340500000000000114e+02
1.343000000000000114e+02
1.365999999999999943e+02
1.369499999999999886e+02
1.369499999999999886e+02
1.384499999999999886e+02
1.384499999999999886e+02
1.384499999999999886e+02
1.384499999999999886e+02
1.384499999999999886e+02
1.384499999999999886e+02
1.384499999999999886e+02
1.384499999999999886e+02
1.384499999999999886e+02
1.384499999999999886e+02
1.384499999999999886e+02
1.384499999999999886e+02
1.410000000000000000e+02
1.410000000000000000e+02
1.413499999999999943e+02
1.413499999999999943e+02
1.413499999999999943e+02
1.413499999999999943e+02
1.413499999999999943e+02
1.413499999999999943e+02
1.419000000000000057e+02
1.423000000000000114e+02
1.430500000000000114e+02
1.430500000000000114e+02
1.430500000000000114e+02
1.430500000000000114e+02
1.430500000000000114e+02
1.430500000000000114e+02
1.430500000000000114e+02
1.434000000000000057e+02
1.434000000000000057e+02
1.462500000000000000e+02
1.558499999999999943e+02
1.740999999999999943e+02
1.740999999999999943e+02
1.743499999999999943e+02
1.749499999999999886e+02
1.749499999999999886e+02
1.749499999999999886e+02
1.758499999999999943e+02
1.761999999999999886e+02
1.771999999999999886e+02
1.781500000000000057e+02
1.794499999999999886e+02
1.822500000000000000e+02
1.829499999999999886e+02
1.855000000000000000e+02
1.869000000000000057e+02
1.869000000000000057e+02
1.869000000000000057e+02
1.869000000000000057e+02
1.869000000000000057e+02
1.869000000000000057e+02
1.869000000000000057e+02
1.869000000000000057e+02
1.869000000000000057e+02
1.869000000000000057e+02
1.869000000000000057e+02
1.869000000000000057e+02
1.869000000000000057e+02
1.869000000000000057e+02
1.869000000000000057e+02
1.869000000000000057e+02
1.869000000000000057e+02
1.869000000000000057e+02
1.869000000000000057e+02
1.869000000000000057e+02
1.869000000000000057e+02
1.905500000000000114e+02
1.916500000000000057e+02
1.926999999999999886e+02
1.933000000000000114e+02
1.933000000000000114e+02
1.933000000000000114e+02
1.933000000000000114e+02
1.933000000000000114e+02
1.933000000000000114e+02
1.933000000000000114e+02
1.933000000000000114e+02
1.933000000000000114e+02
1.956999999999999886e+02
1.965000000000000000e+02
1.970500000000000114e+02
1.984000000000000057e+02
1.992500000000000000e+02
2.033000000000000114e+02
2.033000000000000114e+02
2.034000000000000057e+02
2.034000000000000057e+02
2.034000000000000057e+02
2.034000000000000057e+02
2.060000000000000000e+02
2.060000000000000000e+02
2.060000000000000000e+02
2.070999999999999943e+02
2.070999999999999943e+02
2.070999999999999943e+02
2.070999999999999943e+02
2.070999999999999943e+02
2.070999999999999943e+02
2.070999999999999943e+02
2.070999999999999943e+02
2.070999999999999943e+02
2.070999999999999943e+02
2.070999999999999943e+02
2.070999999999999943e+02
2.070999999999999943e+02
2.070999999999999943e+02
2.070999999999999943e+02
2.070999999999999943e+02
2.070999999999999943e+02
2.070999999999999943e+02
2.070999999999999943e+02
2.070999999999999943e+02
2.070999999999999943e+02
2.070999999999999943e+02
2.070999999999999943e+02
2.070999999999999943e+02
2.108499999999999943e+02
2.120000000000000000e+02
2.135000000000000000e+02
2.135000000000000000e+02
2.155999999999999943e+02
2.155999999999999943e+02
2.155999999999999943e+02
2.158499999999999943e+02
2.186999999999999886e+02
2.188499999999999943e+02
2.206999999999999886e+02
2.230000000000000000e+02
2.230000000000000000e+02
2.230000000000000000e+02
2.230000000000000000e+02
2.230000000000000000e+02
2.230000000000000000e+02
2.230000000000000000e+02
2.230000000000000000e+02
2.230000000000000000e+02
2.230000000000000000e+02
2.230000000000000000e+02
2.236999999999999886e+02
2.236999999999999886e+02
2.242500000000000000e+02
2.255999999999999943e+02
2.255999999999999943e+02
2.255999999999999943e+02
2.255999999999999943e+02
2.255999999999999943e+02
2.255999999999999943e+02
2.255999999999999943e+02
2.255999999999999943e+02
2.255999999999999943e+02
2.255999999999999943e+02
2.255999999999999943e+02
2.255999999999999943e+02
2.281999999999999886e+02
2.281999999999999886e+02
2.281999999999999886e+02
2.281999999999999886e+02
2.281999999999999886e+02
2.281999999999999886e+02
2.281999999999999886e+02
2.281999999999999886e+02
2.281999999999999886e+02
2.290500000000000114e+02
2.337500000000000000e+02
2.370999999999999943e+02
2.379000000000000057e+02
2.379000000000000057e+02
2.379000000000000057e+02
2.380000000000000000e+02
2.381999999999999886e+02
2.396999999999999886e+02
2.396999999999999886e+02
2.396999999999999886e+02
2.396999999999999886e+02
2.396999999999999886e+02
2.396999999999999886e+02
2.396999999999999886e+02
2.396999999999999886e+02
2.396999999999999886e+02
2.396999999999999886e+02
2.396999999999999886e+02
2.396999999999999886e+02
2.396999999999999886e+02
2.396999999999999886e+02
2.396999999999999886e+02
2.396999999999999886e+02
2.396999999999999886e+02
2.396999999999999886e+02
2.396999999999999886e+02
2.396999999999999886e+02
2.396999999999999886e+02
2.396999999999999886e+02
2.396999999999999886e+02
2.396999999999999886e+02
2.396999999999999886e+02
2.396999999999999886e+02
2.396999999999999886e+02
2.396999999999999886e+02
2.396999999999999886e+02
2.396999999999999886e+02
2.396999999999999886e+02
2.396999999999999886e+02
2.396999999999999886e+02
2.396999999999999886e+02
2.396999999999999886e+02
2.396999999999999886e+02
2.396999999999999886e+02
2.396999999999999886e+02
2.396999999999999886e+02
2.396999999999999886e+02
2.396999999999999886e+02
2.396999999999999886e+02
2.396999999999999886e+02
2.396999999999999886e+02
2.396999999999999886e+02
2.396999999999999886e+02
2.396999999999999886e+02
2.396999999999999886e+02
2.396999999999999886e+02
2.396999999999999886e+02
2.396999999999999886e+02
2.396999999999999886e+02
2.396999999999999886e+02
2.396999999999999886e+02
2.396999999999999886e+02
2.396999999999999886e+02
2.396999999999999886e+02
2.396999999999999886e+02
2.396999999999999886e+02
2.396999999999999886e+02
2.396999999999999886e+02
2.396999999999999886e+02
2.396999999999999886e+02
2.397500000000000000e+02
2.397500000000000000e+02
2.424000000000000057e+02
2.643999999999999773e+02
2.657500000000000000e+02
2.666999999999999886e+02
2.666999999999999886e+02
2.666999999999999886e+02
2.738000000000000114e+02
2.738000000000000114e+02
2.738000000000000114e+02
2.748999999999999773e+02
2.748999999999999773e+02
2.748999999999999773e+02
2.786999999999999886e+02
2.786999999999999886e+02
2.786999999999999886e+02
2.793000000000000114e+02
2.806999999999999886e+02
2.806999999999999886e+02
2.806999999999999886e+02
2.806999999999999886e+02
2.806999999999999886e+02
2.823999999999999773e+02
2.825500000000000114e+02
2.825500000000000114e+02
2.825500000000000114e+02
2.825500000000000114e+02
2.825500000000000114e+02
2.825500000000000114e+02
2.825500000000000114e+02
2.825500000000000114e+02
2.825500000000000114e+02
2.825500000000000114e+02
2.825500000000000114e+02
2.825500000000000114e+02
2.825500000000000114e+02
2.825500000000000114e+02
2.825500000000000114e+02
2.825500000000000114e+02
2.825500000000000114e+02
2.825500000000000114e+02
2.825500000000000114e+02
2.825500000000000114e+02
2.825500000000000114e+02
2.825500000000000114e+02
2.825500000000000114e+02
2.825500000000000114e+02
2.825500000000000114e+02
2.825500000000000114e+02
2.825500000000000114e+02
2.825500000000000114e+02
2.825500000000000114e+02
2.825500000000000114e+02
2.825500000000000114e+02
2.825500000000000114e+02
2.825500000000000114e+02
2.825500000000000114e+02
2.825500000000000114e+02
2.825500000000000114e+02
2.825500000000000114e+02
2.825500000000000114e+02
2.825500000000000114e+02
2.825500000000000114e+02
2.825500000000000114e+02
2.825500000000000114e+02
2.825500000000000114e+02
2.825500000000000114e+02
2.825500000000000114e+02
2.825500000000000114e+02
2.825500000000000114e+02
2.825500000000000114e+02
2.825500000000000114e+02
2.825500000000000114e+02
2.825500000000000114e+02
2.825500000000000114e+02
2.825500000000000114e+02
2.825500000000000114e+02
2.825500000000000114e+02
2.825500000000000114e+02
2.825500000000000114e+02
2.825500000000000114e+02
2.825500000000000114e+02
2.825500000000000114e+02
2.825500000000000114e+02
2.825500000000000114e+02
2.825500000000000114e+02
2.825500000000000114e+02
2.825500000000000114e+02
2.825500000000000114e+02
2.825500000000000114e+02
2.825500000000000114e+02
2.825500000000000114e+02
2.825500000000000114e+02
2.825500000000000114e+02
2.825500000000000114e+02
2.825500000000000114e+02
2.825500000000000114e+02
2.825500000000000114e+02
2.825500000000000114e+02
2.825500000000000114e+02
2.825500000000000114e+02
2.825500000000000114e+02
2.825500000000000114e+02
2.838999999999999773e+02
2.839499999999999886e+02
2.874499999999999886e+02
2.891499999999999773e+02
2.891499999999999773e+02
2.891499999999999773e+02
2.891499999999999773e+02
2.891499999999999773e+02
2.891499999999999773e+02
2.891499999999999773e+02
2.891499999999999773e+02
2.891499999999999773e+02
2.891499999999999773e+02
2.891499999999999773e+02
2.891499999999999773e+02
2.891499999999999773e+02
2.891499999999999773e+02
2.891499999999999773e+02
2.891499999999999773e+02
2.891499999999999773e+02
2.891499999999999773e+02
2.891499999999999773e+02
2.891499999999999773e+02
2.891499999999999773e+02
2.891499999999999773e+02
2.891499999999999773e+02
2.891499999999999773e+02
2.891499999999999773e+02
2.891499999999999773e+02
2.891499999999999773e+02
2.891499999999999773e+02
2.891499999999999773e+02
2.891499999999999773e+02
2.891499999999999773e+02
2.891499999999999773e+02
2.891499999999999773e+02
2.892500000000000000e+02
2.913000000000000114e+02
2.920000000000000000e+02
2.954499999999999886e+02
2.954499999999999886e+02
2.960500000000000114e+02
2.979499999999999886e+02
2.979499999999999886e+02
2.979499999999999886e+02
2.979499999999999886e+02
2.979499999999999886e+02
2.979499999999999886e+02
2.979499999999999886e+02
2.980500000000000114e+02
3.005000000000000000e+02
3.005000000000000000e+02
3.005000000000000000e+02
3.005000000000000000e+02
3.005000000000000000e+02
3.005000000000000000e+02
3.005000000000000000e+02
3.005000000000000000e+02
3.005000000000000000e+02
3.005000000000000000e+02
3.005000000000000000e+02
3.005000000000000000e+02
3.005000000000000000e+02
3.005000000000000000e+02
3.005000000000000000e+02
3.005000000000000000e+02
3.005000000000000000e+02
3.005000000000000000e+02
3.005000000000000000e+02
3.005000000000000000e+02
3.005000000000000000e+02
3.005000000000000000e+02
3.005000000000000000e+02
3.005000000000000000e+02
3.005000000000000000e+02
3.005000000000000000e+02
3.005000000000000000e+02
3.005000000000000000e+02
3.005000000000000000e+02
3.005000000000000000e+02
3.005000000000000000e+02
3.005000000000000000e+02
3.005000000000000000e+02
3.005000000000000000e+02
3.020500000000000114e+02
3.022500000000000000e+02
3.045000000000000000e+02
3.045000000000000000e+02
3.058500000000000227e+02
3.065000000000000000e+02
3.065000000000000000e+02
3.100000000000000000e+02
3.123999999999999773e+02
3.143500000000000227e+02
3.145000000000000000e+02
3.145000000000000000e+02
3.145000000000000000e+02
3.145000000000000000e+02
3.148500000000000227e+02
3.148500000000000227e+02
3.148500000000000227e+02
3.148500000000000227e+02
3.148500000000000227e+02
3.148500000000000227e+02
3.148500000000000227e+02
3.148500000000000227e+02
3.148500000000000227e+02
3.148500000000000227e+02
3.148500000000000227e+02
3.148500000000000227e+02
3.148500000000000227e+02
3.148500000000000227e+02
3.148500000000000227e+02
3.148500000000000227e+02
3.148500000000000227e+02
3.148500000000000227e+02
3.148500000000000227e+02
3.148500000000000227e+02
3.148500000000000227e+02
3.148500000000000227e+02
3.148500000000000227e+02
3.148500000000000227e+02
3.148500000000000227e+02
3.148500000000000227e+02
3.148500000000000227e+02
3.148500000000000227e+02
3.148500000000000227e+02
3.148500000000000227e+02
3.148500000000000227e+02
3.148500000000000227e+02
3.148500000000000227e+02
3.151000000000000227e+02
3.151000000000000227e+02
3.151000000000000227e+02
3.151000000000000227e+02
3.151000000000000227e+02
3.151000000000000227e+02
3.151000000000000227e+02
3.156000000000000227e+02
3.159499999999999886e+02
3.171499999999999773e+02
3.180000000000000000e+02
3.180000000000000000e+02
3.180000000000000000e+02
3.180000000000000000e+02
3.201999999999999886e+02
3.201999999999999886e+02
3.204499999999999886e+02
3.204499999999999886e+02
3.204499999999999886e+02
3.204499999999999886e+02
3.204499999999999886e+02
3.204499999999999886e+02
3.204499999999999886e+02
3.204499999999999886e+02
3.204499999999999886e+02
3.204499999999999886e+02
3.204499999999999886e+02
3.204499999999999886e+02
3.204499999999999886e+02
3.204499999999999886e+02
3.204499999999999886e+02
3.204499999999999886e+02
3.204499999999999886e+02
3.210500000000000114e+02
3.210500000000000114e+02
3.231000000000000227e+02
3.231000000000000227e+02
3.242500000000000000e+02
3.254499999999999886e+02
3.254499999999999886e+02
3.254499999999999886e+02
3.254499999999999886e+02
3.254499999999999886e+02
3.254499999999999886e+02
3.258500000000000227e+02
3.286000000000000227e+02
3.286000000000000227e+02
3.286000000000000227e+02
3.286000000000000227e+02
3.286000000000000227e+02
3.286000000000000227e+02
3.291999999999999886e+02
3.291999999999999886e+02
3.295500000000000114e+02
3.295500000000000114e+02
3.295500000000000114e+02
3.295500000000000114e+02
3.306999999999999886e+02
3.306999999999999886e+02
3.306999999999999886e+02
3.306999999999999886e+02
3.315000000000000000e+02
3.325500000000000114e+02
3.325500000000000114e+02
3.325500000000000114e+02
3.325500000000000114e+02
3.325500000000000114e+02
3.325500000000000114e+02
3.325500000000000114e+02
3.325500000000000114e+02
3.325500000000000114e+02
3.325500000000000114e+02
3.325500000000000114e+02
3.325500000000000114e+02
3.325500000000000114e+02
3.325500000000000114e+02
3.325500000000000114e+02
3.325500000000000114e+02
3.325500000000000114e+02
3.325500000000000114e+02
3.325500000000000114e+02
3.325500000000000114e+02
3.325500000000000114e+02
3.327500000000000000e+02
3.328500000000000227e+02
3.328500000000000227e+02
3.328500000000000227e+02
3.328500000000000227e+02
3.343500000000000227e+02
3.348500000000000227e+02
3.357500000000000000e+02
3.357500000000000000e+02
3.357500000000000000e+02
3.357500000000000000e+02
3.357500000000000000e+02
3.357500000000000000e+02
3.357500000000000000e+02
3.357500000000000000e+02
3.359499999999999886e+02
3.374499999999999886e+02
3.399499999999999886e+02
3.401999999999999886e+02
3.425000000000000000e+02
3.434499999999999886e+02
3.434499999999999886e+02
3.443500000000000227e+02
3.456999999999999886e+02
3.463000000000000114e+02
3.463000000000000114e+02
3.463000000000000114e+02
3.463000000000000114e+02
3.463000000000000114e+02
3.463000000000000114e+02
3.463000000000000114e+02
3.463000000000000114e+02
3.463000000000000114e+02
3.463000000000000114e+02
3.463000000000000114e+02
3.463000000000000114e+02
3.463000000000000114e+02
3.463000000000000114e+02
3.463000000000000114e+02
3.463000000000000114e+02
3.463000000000000114e+02
3.463000000000000114e+02
3.463000000000000114e+02
3.466000000000000227e+02
3.466000000000000227e+02
3.466000000000000227e+02
3.468000000000000114e+02
3.468000000000000114e+02
3.468000000000000114e+02
3.468000000000000114e+02
3.468000000000000114e+02
3.468000000000000114e+02
3.468000000000000114e+02
3.468000000000000114e+02
3.468000000000000114e+02
3.468000000000000114e+02
3.468000000000000114e+02
3.468000000000000114e+02
3.468000000000000114e+02
3.468000000000000114e+02
3.468000000000000114e+02
3.468000000000000114e+02
3.485000000000000000e+02
3.495500000000000114e+02
3.495500000000000114e+02
3.506499999999999773e+02
3.506499999999999773e+02
3.506499999999999773e+02
3.506499999999999773e+02
3.506499999999999773e+02
3.506499999999999773e+02
3.506499999999999773e+02
3.532500000000000000e+02
3.538999999999999773e+02
3.538999999999999773e+02
3.545500000000000114e+02
3.545500000000000114e+02
3.545500000000000114e+02
3.545500000000000114e+02
3.545500000000000114e+02
3.545500000000000114e+02
3.545500000000000114e+02
3.545500000000000114e+02
3.545500000000000114e+02
3.545500000000000114e+02
3.545500000000000114e+02
3.545500000000000114e+02
3.563500000000000227e+02
3.563500000000000227e+02
3.563500000000000227e+02
3.563500000000000227e+02
3.586999999999999886e+02
3.590000000000000000e+02
3.598999999999999773e+02
3.622500000000000000e+02
3.631999999999999886e+02
3.631999999999999886e+02
3.632500000000000000e+02
3.632500000000000000e+02
3.632500000000000000e+02
3.632500000000000000e+02
3.633500000000000227e+02
3.640500000000000114e+02
3.640500000000000114e+02
3.666999999999999886e+02
3.672500000000000000e+02
3.672500000000000000e+02
3.688500000000000227e+02
3.688500000000000227e+02
3.688500000000000227e+02
3.696499999999999773e+02
3.706999999999999886e+02
3.707500000000000000e+02
3.715000000000000000e+02
3.715000000000000000e+02
3.715000000000000000e+02
3.715000000000000000e+02
3.715000000000000000e+02
3.715000000000000000e+02
3.715000000000000000e+02
3.715000000000000000e+02
3.715000000000000000e+02
3.715000000000000000e+02
3.715000000000000000e+02
3.715000000000000000e+02
3.715000000000000000e+02
3.715000000000000000e+02
3.715000000000000000e+02
3.715000000000000000e+02
3.715000000000000000e+02
3.715000000000000000e+02
3.715000000000000000e+02
3.715000000000000000e+02
3.715000000000000000e+02
3.715000000000000000e+02
3.715000000000000000e+02
3.715000000000000000e+02
3.715000000000000000e+02
3.715000000000000000e+02
3.715000000000000000e+02
3.715000000000000000e+02
3.715000000000000000e+02
3.718500000000000227e+02
3.718500000000000227e+02
3.718500000000000227e+02
3.736499999999999773e+02
3.736499999999999773e+02
3.736499999999999773e+02
3.736499999999999773e+02
3.736499999999999773e+02
3.736499999999999773e+02
3.736499999999999773e+02
3.736499999999999773e+02
3.736499999999999773e+02
3.736499999999999773e+02
3.736499999999999773e+02
3.736499999999999773e+02
3.736499999999999773e+02
3.736499999999999773e+02
3.736499999999999773e+02
3.736499999999999773e+02
3.736499999999999773e+02
3.736499999999999773e+02
3.736499999999999773e+02
3.736499999999999773e+02
3.736499999999999773e+02
3.736499999999999773e+02
3.736499999999999773e+02
3.736499999999999773e+02
3.736499999999999773e+02
3.736499999999999773e+02
3.736499999999999773e+02
3.736499999999999773e+02
3.736499999999999773e+02
3.736499999999999773e+02
3.736499999999999773e+02
3.736499999999999773e+02
3.736499999999999773e+02
3.736499999999999773e+02
3.736499999999999773e+02
3.736499999999999773e+02
3.736499999999999773e+02
3.736499999999999773e+02
3.736499999999999773e+02
3.736499999999999773e+02
3.736499999999999773e+02
3.736499999999999773e+02
3.736499999999999773e+02
3.736499999999999773e+02
3.736499999999999773e+02
3.736499999999999773e+02
3.736499999999999773e+02
3.736499999999999773e+02
3.736499999999999773e+02
3.736499999999999773e+02
3.736499999999999773e+02
3.736499999999999773e+02
3.736499999999999773e+02
3.736499999999999773e+02
3.736499999999999773e+02
3.736499999999999773e+02
3.736499999999999773e+02
3.736499999999999773e+02
3.736499999999999773e+02
3.736499999999999773e+02
3.736499999999999773e+02
3.736499999999999773e+02
3.736499999999999773e+02
3.736499999999999773e+02
3.736499999999999773e+02
3.736499999999999773e+02
3.736499999999999773e+02
3.736499999999999773e+02
3.736499999999999773e+02
3.736499999999999773e+02
3.736499999999999773e+02
3.736499999999999773e+02
3.736499999999999773e+02
3.736499999999999773e+02
3.762500000000000000e+02
3.762500000000000000e+02
3.762500000000000000e+02
3.762500000000000000e+02
3.778999999999999773e+02
3.797500000000000000e+02
3.797500000000000000e+02
3.810000000000000000e+02
3.830500000000000114e+02
3.841499999999999773e+02
3.845500000000000114e+02
3.859499999999999886e+02
3.859499999999999886e+02
3.859499999999999886e+02
3.859499999999999886e+02
3.861499999999999773e+02
3.868000000000000114e+02
3.868000000000000114e+02
3.868000000000000114e+02
3.868000000000000114e+02
3.875000000000000000e+02
3.878500000000000227e+02
3.878500000000000227e+02
3.878500000000000227e+02
3.879499999999999886e+02
3.879499999999999886e+02
3.879499999999999886e+02
3.879499999999999886e+02
3.879499999999999886e+02
3.885000000000000000e+02
3.885500000000000114e+02
3.885500000000000114e+02
3.885500000000000114e+02
3.885500000000000114e+02
3.885500000000000114e+02
3.885500000000000114e+02
3.885500000000000114e+02
3.885500000000000114e+02
3.895000000000000000e+02
3.908500000000000227e+02
3.913500000000000227e+02
3.913500000000000227e+02
3.924499999999999886e+02
3.924499999999999886e+02
3.924499999999999886e+02
3.924499999999999886e+02
3.924499999999999886e+02
3.924499999999999886e+02
3.924499999999999886e+02
3.924499999999999886e+02
3.924499999999999886e+02
3.924499999999999886e+02
3.924499999999999886e+02
3.924499999999999886e+02
3.924499999999999886e+02
3.924499999999999886e+02
3.924499999999999886e+02
3.924499999999999886e+02
3.924499999999999886e+02
3.924499999999999886e+02
3.924499999999999886e+02
3.924499999999999886e+02
3.924499999999999886e+02
3.924499999999999886e+02
3.924499999999999886e+02
3.924499999999999886e+02
3.924499999999999886e+02
3.924499999999999886e+02
3.924499999999999886e+02
3.924499999999999886e+02
3.924499999999999886e+02
3.924499999999999886e+02
3.924499999999999886e+02
3.924499999999999886e+02
3.924499999999999886e+02
3.924499999999999886e+02
3.924499999999999886e+02
3.924499999999999886e+02
3.924499999999999886e+02
3.924499999999999886e+02
3.924499999999999886e+02
3.924499999999999886e+02
3.924499999999999886e+02
3.924499999999999886e+02
3.924499999999999886e+02
3.924499999999999886e+02
3.924499999999999886e+02
3.924499999999999886e+02
3.924499999999999886e+02
3.924499999999999886e+02
3.924499999999999886e+02
3.924499999999999886e+02
3.924499999999999886e+02
3.924499999999999886e+02
3.924499999999999886e+02
3.924499999999999886e+02
3.924499999999999886e+02
3.924499999999999886e+02
3.924499999999999886e+02
3.924499999999999886e+02
3.924499999999999886e+02
3.924499999999999886e+02
