-2.180000000000000000e+03
-6.350000000000000000e+02
-5.850000000000000000e+02
-4.600000000000000000e+02
-5.200000000000000000e+02
-3.700000000000000000e+02
-3.250000000000000000e+02
-2.250000000000000000e+02
-1.200000000000000000e+02
-1.200000000000000000e+02
-2.650000000000000000e+02
-1.900000000000000000e+02
-5.250000000000000000e+02
-5.200000000000000000e+02
-8.000000000000000000e+01
-3.900000000000000000e+02
-9.850000000000000000e+02
-1.300000000000000000e+02
-2.250000000000000000e+02
-4.800000000000000000e+02
-8.650000000000000000e+02
-4.100000000000000000e+02
-1.750000000000000000e+02
-4.250000000000000000e+02
-7.100000000000000000e+02
-3.700000000000000000e+02
-2.750000000000000000e+02
-5.750000000000000000e+02
-4.750000000000000000e+02
-2.750000000000000000e+02
-3.550000000000000000e+02
-3.300000000000000000e+02
-8.500000000000000000e+01
-1.635000000000000000e+03
-2.450000000000000000e+02
-5.200000000000000000e+02
-4.850000000000000000e+02
-2.550000000000000000e+02
-5.800000000000000000e+02
-6.750000000000000000e+02
-4.000000000000000000e+02
-8.450000000000000000e+02
-2.850000000000000000e+02
-1.250000000000000000e+02
-7.800000000000000000e+02
-3.300000000000000000e+02
-4.200000000000000000e+02
-2.700000000000000000e+02
-5.250000000000000000e+02
-2.150000000000000000e+02
-5.500000000000000000e+01
-9.200000000000000000e+02
-4.300000000000000000e+02
-6.650000000000000000e+02
-1.060000000000000000e+03
-5.650000000000000000e+02
-2.400000000000000000e+02
-4.800000000000000000e+02
-4.700000000000000000e+02
-6.250000000000000000e+02
-7.250000000000000000e+02
-8.850000000000000000e+02
-5.900000000000000000e+02
-5.350000000000000000e+02
-7.450000000000000000e+02
-1.735000000000000000e+03
-3.300000000000000000e+02
-3.600000000000000000e+02
-3.850000000000000000e+02
-7.750000000000000000e+02
-5.100000000000000000e+02
-7.200000000000000000e+02
-1.285000000000000000e+03
-1.700000000000000000e+02
-6.550000000000000000e+02
-2.250000000000000000e+02
-4.700000000000000000e+02
-5.750000000000000000e+02
-5.050000000000000000e+02
-4.250000000000000000e+02
-2.500000000000000000e+01
-1.500000000000000000e+02
-1.950000000000000000e+02
-2.700000000000000000e+02
-4.750000000000000000e+02
-5.950000000000000000e+02
-7.350000000000000000e+02
-3.250000000000000000e+02
-4.200000000000000000e+02
-2.200000000000000000e+02
-4.450000000000000000e+02
-2.700000000000000000e+02
-1.115000000000000000e+03
-4.650000000000000000e+02
-7.900000000000000000e+02
-6.850000000000000000e+02
-2.650000000000000000e+02
-5.800000000000000000e+02
-3.700000000000000000e+02
-4.200000000000000000e+02
-2.250000000000000000e+02
-6.150000000000000000e+02
-1.050000000000000000e+02
-1.175000000000000000e+03
-4.800000000000000000e+02
-3.850000000000000000e+02
-3.150000000000000000e+02
-3.400000000000000000e+02
-4.700000000000000000e+02
-8.650000000000000000e+02
-2.200000000000000000e+02
-2.700000000000000000e+02
-3.100000000000000000e+02
-8.000000000000000000e+01
-7.000000000000000000e+02
-1.550000000000000000e+02
-5.800000000000000000e+02
-4.450000000000000000e+02
-1.650000000000000000e+02
-1.300000000000000000e+02
-4.650000000000000000e+02
-5.200000000000000000e+02
-5.600000000000000000e+02
-2.750000000000000000e+02
-3.900000000000000000e+02
-7.900000000000000000e+02
-1.850000000000000000e+02
-1.600000000000000000e+02
-4.650000000000000000e+02
-1.650000000000000000e+02
-6.500000000000000000e+01
-3.800000000000000000e+02
-9.100000000000000000e+02
-2.900000000000000000e+02
-4.600000000000000000e+02
-9.550000000000000000e+02
-3.650000000000000000e+02
-3.750000000000000000e+02
-5.200000000000000000e+02
-3.300000000000000000e+02
-4.400000000000000000e+02
-2.300000000000000000e+02
-1.100000000000000000e+02
-3.150000000000000000e+02
-1.395000000000000000e+03
-2.750000000000000000e+02
-4.700000000000000000e+02
-2.750000000000000000e+02
-5.450000000000000000e+02
-4.250000000000000000e+02
-4.200000000000000000e+02
-2.750000000000000000e+02
-1.250000000000000000e+02
-2.500000000000000000e+02
-3.900000000000000000e+02
-2.650000000000000000e+02
-5.550000000000000000e+02
-6.400000000000000000e+02
-3.100000000000000000e+02
-6.800000000000000000e+02
-1.220000000000000000e+03
-1.750000000000000000e+02
-1.650000000000000000e+02
-4.050000000000000000e+02
-3.200000000000000000e+02
-5.900000000000000000e+02
-6.250000000000000000e+02
-2.900000000000000000e+02
-1.300000000000000000e+02
-2.750000000000000000e+02
-5.500000000000000000e+01
-1.650000000000000000e+02
-5.850000000000000000e+02
-6.000000000000000000e+01
-2.150000000000000000e+02
-4.700000000000000000e+02
-6.400000000000000000e+02
-7.650000000000000000e+02
-6.250000000000000000e+02
-4.800000000000000000e+02
-4.000000000000000000e+01
-4.650000000000000000e+02
-3.350000000000000000e+02
-6.300000000000000000e+02
-4.600000000000000000e+02
-7.350000000000000000e+02
-4.250000000000000000e+02
-5.300000000000000000e+02
-2.800000000000000000e+02
-6.000000000000000000e+01
-4.500000000000000000e+02
-2.050000000000000000e+02
-1.350000000000000000e+02
-3.900000000000000000e+02
-4.800000000000000000e+02
-3.800000000000000000e+02
-3.300000000000000000e+02
-4.300000000000000000e+02
-7.150000000000000000e+02
-7.500000000000000000e+01
-2.050000000000000000e+02
-3.750000000000000000e+02
-4.200000000000000000e+02
-1.200000000000000000e+02
-4.350000000000000000e+02
-4.400000000000000000e+02
-1.100000000000000000e+02
-2.700000000000000000e+02
-2.950000000000000000e+02
-2.800000000000000000e+02
-1.750000000000000000e+02
-3.600000000000000000e+02
-1.350000000000000000e+02
-3.700000000000000000e+02
-2.750000000000000000e+02
-2.100000000000000000e+02
-3.500000000000000000e+02
-6.100000000000000000e+02
-4.750000000000000000e+02
-3.200000000000000000e+02
-3.300000000000000000e+02
-5.750000000000000000e+02
-3.850000000000000000e+02
-5.650000000000000000e+02
-3.150000000000000000e+02
-1.105000000000000000e+03
-4.800000000000000000e+02
-3.600000000000000000e+02
-3.200000000000000000e+02
-2.750000000000000000e+02
-5.200000000000000000e+02
-8.750000000000000000e+02
-3.750000000000000000e+02
-2.900000000000000000e+02
-2.600000000000000000e+02
-6.200000000000000000e+02
-4.000000000000000000e+02
-1.130000000000000000e+03
-1.900000000000000000e+02
-2.900000000000000000e+02
-5.300000000000000000e+02
-1.400000000000000000e+02
5.000000000000000000e+00
-2.100000000000000000e+02
-3.900000000000000000e+02
-9.500000000000000000e+01
-6.800000000000000000e+02
-1.800000000000000000e+02
-3.700000000000000000e+02
-2.700000000000000000e+02
-1.080000000000000000e+03
-5.300000000000000000e+02
-5.050000000000000000e+02
-5.200000000000000000e+02
-2.600000000000000000e+02
-4.250000000000000000e+02
-3.050000000000000000e+02
-2.150000000000000000e+02
-8.500000000000000000e+01
-3.250000000000000000e+02
-3.200000000000000000e+02
-7.250000000000000000e+02
-2.300000000000000000e+02
-3.700000000000000000e+02
-6.200000000000000000e+02
-5.800000000000000000e+02
-2.850000000000000000e+02
-2.000000000000000000e+02
-2.200000000000000000e+02
-1.450000000000000000e+02
-2.650000000000000000e+02
-5.800000000000000000e+02
-9.700000000000000000e+02
-5.750000000000000000e+02
-1.300000000000000000e+02
-3.850000000000000000e+02
-2.850000000000000000e+02
-3.100000000000000000e+02
-2.750000000000000000e+02
-2.050000000000000000e+02
-4.600000000000000000e+02
-2.400000000000000000e+02
-2.300000000000000000e+02
-1.600000000000000000e+02
-4.200000000000000000e+02
-2.900000000000000000e+02
-3.900000000000000000e+02
-4.250000000000000000e+02
-5.700000000000000000e+02
-2.050000000000000000e+02
-4.800000000000000000e+02
-2.700000000000000000e+02
-3.900000000000000000e+02
-4.600000000000000000e+02
-1.850000000000000000e+02
-1.650000000000000000e+02
-2.650000000000000000e+02
-1.550000000000000000e+02
-3.150000000000000000e+02
-1.015000000000000000e+03
-2.050000000000000000e+02
-8.000000000000000000e+01
-1.350000000000000000e+02
-2.200000000000000000e+02
-2.100000000000000000e+02
-4.650000000000000000e+02
-7.200000000000000000e+02
-3.750000000000000000e+02
-2.800000000000000000e+02
-3.700000000000000000e+02
-4.150000000000000000e+02
-3.350000000000000000e+02
-2.700000000000000000e+02
-5.700000000000000000e+02
-1.900000000000000000e+02
-1.075000000000000000e+03
-3.550000000000000000e+02
-3.250000000000000000e+02
-3.900000000000000000e+02
-2.200000000000000000e+02
-1.800000000000000000e+02
-5.450000000000000000e+02
2.500000000000000000e+01
-1.800000000000000000e+02
-8.150000000000000000e+02
-6.700000000000000000e+02
-3.750000000000000000e+02
-4.300000000000000000e+02
-2.000000000000000000e+02
-1.850000000000000000e+02
-1.100000000000000000e+02
-4.850000000000000000e+02
-1.400000000000000000e+02
-4.200000000000000000e+02
-2.100000000000000000e+02
-3.200000000000000000e+02
-4.750000000000000000e+02
-1.150000000000000000e+02
-3.500000000000000000e+02
-2.700000000000000000e+02
-3.250000000000000000e+02
-2.600000000000000000e+02
-2.350000000000000000e+02
-4.850000000000000000e+02
-2.650000000000000000e+02
-2.850000000000000000e+02
-3.750000000000000000e+02
-3.000000000000000000e+02
-3.200000000000000000e+02
-5.200000000000000000e+02
-5.000000000000000000e+01
-6.000000000000000000e+01
-6.500000000000000000e+01
-3.050000000000000000e+02
-1.500000000000000000e+02
-6.150000000000000000e+02
-4.100000000000000000e+02
-3.500000000000000000e+02
-7.350000000000000000e+02
-2.500000000000000000e+02
-2.700000000000000000e+02
-1.650000000000000000e+02
-2.050000000000000000e+02
-3.000000000000000000e+02
-5.000000000000000000e+01
-1.200000000000000000e+02
-2.900000000000000000e+02
-2.200000000000000000e+02
-5.350000000000000000e+02
-3.400000000000000000e+02
-5.000000000000000000e+00
-2.650000000000000000e+02
-3.750000000000000000e+02
-1.400000000000000000e+02
-6.750000000000000000e+02
-4.250000000000000000e+02
-2.250000000000000000e+02
-2.350000000000000000e+02
-2.000000000000000000e+02
-4.850000000000000000e+02
-3.550000000000000000e+02
-1.300000000000000000e+02
-1.650000000000000000e+02
-3.500000000000000000e+02
-3.300000000000000000e+02
-5.200000000000000000e+02
-1.600000000000000000e+02
-5.500000000000000000e+02
-1.100000000000000000e+02
-4.100000000000000000e+02
-3.400000000000000000e+02
-3.000000000000000000e+02
-2.500000000000000000e+02
-3.150000000000000000e+02
-2.200000000000000000e+02
-5.850000000000000000e+02
-2.550000000000000000e+02
-2.600000000000000000e+02
-5.700000000000000000e+02
-2.600000000000000000e+02
-2.150000000000000000e+02
-2.900000000000000000e+02
-2.150000000000000000e+02
-3.250000000000000000e+02
-1.050000000000000000e+02
-3.500000000000000000e+02
-2.700000000000000000e+02
-1.150000000000000000e+02
-1.250000000000000000e+02
-4.500000000000000000e+02
-1.100000000000000000e+02
-1.300000000000000000e+02
-4.650000000000000000e+02
-3.600000000000000000e+02
-3.450000000000000000e+02
-3.200000000000000000e+02
-1.100000000000000000e+02
-1.800000000000000000e+02
-2.650000000000000000e+02
-2.000000000000000000e+02
-8.000000000000000000e+01
-3.950000000000000000e+02
-2.400000000000000000e+02
-2.750000000000000000e+02
-1.700000000000000000e+02
-2.550000000000000000e+02
-5.750000000000000000e+02
-4.550000000000000000e+02
-4.300000000000000000e+02
-3.000000000000000000e+02
-1.550000000000000000e+02
-5.000000000000000000e+00
-1.800000000000000000e+02
-3.650000000000000000e+02
-1.350000000000000000e+02
-2.000000000000000000e+02
-2.800000000000000000e+02
-3.150000000000000000e+02
-5.400000000000000000e+02
-1.150000000000000000e+02
-4.100000000000000000e+02
-3.000000000000000000e+02
-3.900000000000000000e+02
-2.800000000000000000e+02
-1.450000000000000000e+02
-4.350000000000000000e+02
-2.500000000000000000e+01
-3.200000000000000000e+02
-2.450000000000000000e+02
-4.200000000000000000e+02
-1.550000000000000000e+02
-5.600000000000000000e+02
-2.300000000000000000e+02
-4.500000000000000000e+01
-1.400000000000000000e+02
-4.050000000000000000e+02
-2.500000000000000000e+02
-6.300000000000000000e+02
-1.500000000000000000e+01
1.500000000000000000e+01
1.500000000000000000e+01
-1.450000000000000000e+02
-3.800000000000000000e+02
-1.200000000000000000e+02
-3.650000000000000000e+02
-1.700000000000000000e+02
-2.650000000000000000e+02
-1.800000000000000000e+02
-5.200000000000000000e+02
-9.500000000000000000e+01
-1.150000000000000000e+02
-1.650000000000000000e+02
-1.250000000000000000e+02
-3.050000000000000000e+02
-3.600000000000000000e+02
-6.300000000000000000e+02
-2.350000000000000000e+02
-2.350000000000000000e+02
-1.250000000000000000e+02
-4.550000000000000000e+02
5.000000000000000000e+00
-1.500000000000000000e+01
-2.400000000000000000e+02
-3.050000000000000000e+02
-3.550000000000000000e+02
-2.500000000000000000e+01
-4.150000000000000000e+02
-4.700000000000000000e+02
-2.850000000000000000e+02
-2.750000000000000000e+02
-3.050000000000000000e+02
-2.000000000000000000e+02
-4.300000000000000000e+02
-2.250000000000000000e+02
-3.050000000000000000e+02
-3.100000000000000000e+02
-1.150000000000000000e+02
-3.550000000000000000e+02
-3.050000000000000000e+02
-2.200000000000000000e+02
-1.750000000000000000e+02
-2.050000000000000000e+02
-2.500000000000000000e+02
-4.150000000000000000e+02
-2.350000000000000000e+02
-8.000000000000000000e+01
-1.950000000000000000e+02
-2.750000000000000000e+02
3.000000000000000000e+01
-2.050000000000000000e+02
-1.250000000000000000e+02
-1.100000000000000000e+02
-2.350000000000000000e+02
-3.600000000000000000e+02
-2.150000000000000000e+02
-1.950000000000000000e+02
-2.550000000000000000e+02
3.000000000000000000e+01
-3.550000000000000000e+02
-3.700000000000000000e+02
-1.600000000000000000e+02
-1.350000000000000000e+02
-1.100000000000000000e+02
-1.200000000000000000e+02
-1.350000000000000000e+02
-4.100000000000000000e+02
-3.600000000000000000e+02
-3.300000000000000000e+02
-2.200000000000000000e+02
-2.750000000000000000e+02
-1.500000000000000000e+02
-4.200000000000000000e+02
-4.000000000000000000e+02
-1.350000000000000000e+02
-1.400000000000000000e+02
-2.650000000000000000e+02
-1.350000000000000000e+02
-2.500000000000000000e+02
-4.100000000000000000e+02
-1.000000000000000000e+02
-2.600000000000000000e+02
-6.000000000000000000e+01
-8.500000000000000000e+01
-1.100000000000000000e+02
-3.200000000000000000e+02
-4.150000000000000000e+02
-1.650000000000000000e+02
-1.050000000000000000e+02
-1.700000000000000000e+02
-1.450000000000000000e+02
-6.350000000000000000e+02
-3.000000000000000000e+02
-2.150000000000000000e+02
-3.000000000000000000e+02
-1.150000000000000000e+02
-2.250000000000000000e+02
-2.300000000000000000e+02
-2.250000000000000000e+02
-1.250000000000000000e+02
-9.500000000000000000e+01
-3.200000000000000000e+02
-4.250000000000000000e+02
-8.000000000000000000e+01
-1.750000000000000000e+02
-1.300000000000000000e+02
2.000000000000000000e+01
-1.000000000000000000e+01
-3.200000000000000000e+02
-1.800000000000000000e+02
-3.250000000000000000e+02
-1.850000000000000000e+02
-2.300000000000000000e+02
-3.000000000000000000e+01
-2.200000000000000000e+02
-1.650000000000000000e+02
-1.550000000000000000e+02
-1.350000000000000000e+02
-2.700000000000000000e+02
-1.750000000000000000e+02
-3.650000000000000000e+02
-2.600000000000000000e+02
-1.150000000000000000e+02
-1.750000000000000000e+02
-2.000000000000000000e+02
-1.250000000000000000e+02
-5.500000000000000000e+01
-2.200000000000000000e+02
-1.550000000000000000e+02
-8.500000000000000000e+01
-4.450000000000000000e+02
-2.100000000000000000e+02
-1.750000000000000000e+02
-2.200000000000000000e+02
-3.600000000000000000e+02
-1.200000000000000000e+02
-2.000000000000000000e+02
-1.300000000000000000e+02
-9.500000000000000000e+01
-2.150000000000000000e+02
-2.150000000000000000e+02
-5.600000000000000000e+02
-1.515000000000000000e+03
-2.200000000000000000e+02
-3.100000000000000000e+02
-3.350000000000000000e+02
-2.200000000000000000e+02
-2.450000000000000000e+02
-1.200000000000000000e+02
-4.500000000000000000e+01
-9.500000000000000000e+01
-8.500000000000000000e+01
-8.500000000000000000e+01
-3.650000000000000000e+02
-2.500000000000000000e+01
-6.000000000000000000e+01
-8.000000000000000000e+01
-1.400000000000000000e+02
-1.500000000000000000e+02
-4.400000000000000000e+02
-2.550000000000000000e+02
-2.000000000000000000e+02
-3.250000000000000000e+02
-4.400000000000000000e+02
0.000000000000000000e+00
-1.300000000000000000e+02
-3.100000000000000000e+02
-1.400000000000000000e+02
-9.500000000000000000e+01
-2.500000000000000000e+01
-3.050000000000000000e+02
-5.500000000000000000e+01
-3.200000000000000000e+02
-2.250000000000000000e+02
-1.250000000000000000e+02
-1.800000000000000000e+02
-1.650000000000000000e+02
-7.500000000000000000e+01
-2.650000000000000000e+02
-1.600000000000000000e+02
-1.850000000000000000e+02
-9.500000000000000000e+01
-2.400000000000000000e+02
0.000000000000000000e+00
5.000000000000000000e+00
-3.000000000000000000e+02
-2.250000000000000000e+02
-5.500000000000000000e+01
-3.650000000000000000e+02
-2.750000000000000000e+02
-3.000000000000000000e+02
-5.400000000000000000e+02
-5.500000000000000000e+01
-1.050000000000000000e+02
1.500000000000000000e+01
-3.150000000000000000e+02
-1.050000000000000000e+02
-2.050000000000000000e+02
-4.550000000000000000e+02
-3.000000000000000000e+01
-2.000000000000000000e+02
-2.400000000000000000e+02
-1.350000000000000000e+02
-2.100000000000000000e+02
-3.500000000000000000e+01
-2.000000000000000000e+01
-1.250000000000000000e+02
-3.500000000000000000e+01
-2.250000000000000000e+02
-2.500000000000000000e+02
-4.000000000000000000e+01
-1.950000000000000000e+02
-4.200000000000000000e+02
-5.050000000000000000e+02
-1.200000000000000000e+02
-2.100000000000000000e+02
-8.500000000000000000e+01
-5.000000000000000000e+00
-1.600000000000000000e+02
-4.500000000000000000e+01
-2.750000000000000000e+02
-1.600000000000000000e+02
-1.750000000000000000e+02
-2.550000000000000000e+02
-3.900000000000000000e+02
-1.000000000000000000e+02
-1.800000000000000000e+02
-9.000000000000000000e+01
-2.000000000000000000e+02
-2.350000000000000000e+02
-2.450000000000000000e+02
-8.000000000000000000e+01
-3.200000000000000000e+02
-1.550000000000000000e+02
-2.750000000000000000e+02
-4.000000000000000000e+01
-2.900000000000000000e+02
-2.150000000000000000e+02
-4.400000000000000000e+02
-6.000000000000000000e+01
-4.900000000000000000e+02
-1.200000000000000000e+02
-2.150000000000000000e+02
-3.000000000000000000e+01
-2.450000000000000000e+02
-7.000000000000000000e+01
-8.500000000000000000e+01
-1.700000000000000000e+02
-2.050000000000000000e+02
-1.900000000000000000e+02
-7.000000000000000000e+01
-2.350000000000000000e+02
-3.000000000000000000e+02
-2.750000000000000000e+02
-6.500000000000000000e+01
-2.700000000000000000e+02
-2.600000000000000000e+02
-1.050000000000000000e+02
-1.300000000000000000e+02
-1.650000000000000000e+02
-7.500000000000000000e+01
-1.450000000000000000e+02
-1.150000000000000000e+02
-3.750000000000000000e+02
-1.450000000000000000e+02
-1.150000000000000000e+02
-1.700000000000000000e+02
-1.550000000000000000e+02
1.000000000000000000e+01
-3.100000000000000000e+02
-6.500000000000000000e+01
-3.200000000000000000e+02
-2.250000000000000000e+02
-1.950000000000000000e+02
-2.200000000000000000e+02
-2.200000000000000000e+02
-8.000000000000000000e+01
-1.200000000000000000e+02
-4.500000000000000000e+01
-1.950000000000000000e+02
-2.950000000000000000e+02
-1.000000000000000000e+01
-3.000000000000000000e+02
-1.200000000000000000e+02
-9.000000000000000000e+01
-2.650000000000000000e+02
-6.000000000000000000e+02
-1.800000000000000000e+02
-1.850000000000000000e+02
-1.650000000000000000e+02
-1.050000000000000000e+02
-2.300000000000000000e+02
-8.000000000000000000e+01
-6.500000000000000000e+01
-3.000000000000000000e+02
-2.100000000000000000e+02
-2.950000000000000000e+02
-1.150000000000000000e+02
3.000000000000000000e+01
-5.500000000000000000e+01
-9.000000000000000000e+01
-5.000000000000000000e+00
-1.000000000000000000e+02
3.500000000000000000e+01
-2.600000000000000000e+02
-1.950000000000000000e+02
-7.500000000000000000e+01
-3.500000000000000000e+02
-2.000000000000000000e+01
-1.700000000000000000e+02
-1.450000000000000000e+02
-6.500000000000000000e+01
-4.150000000000000000e+02
-8.000000000000000000e+01
-8.000000000000000000e+01
2.000000000000000000e+01
-4.300000000000000000e+02
-1.000000000000000000e+02
-2.000000000000000000e+02
-1.050000000000000000e+02
-1.500000000000000000e+02
-3.000000000000000000e+02
-5.000000000000000000e+00
-3.800000000000000000e+02
-2.400000000000000000e+02
-7.000000000000000000e+01
-1.650000000000000000e+02
-2.000000000000000000e+01
-2.350000000000000000e+02
-2.100000000000000000e+02
-8.500000000000000000e+01
-1.000000000000000000e+01
-3.100000000000000000e+02
-6.500000000000000000e+01
-4.000000000000000000e+01
-4.500000000000000000e+01
5.000000000000000000e+01
-5.000000000000000000e+00
-2.850000000000000000e+02
-1.200000000000000000e+02
-1.600000000000000000e+02
-2.000000000000000000e+02
2.000000000000000000e+01
-1.250000000000000000e+02
-3.900000000000000000e+02
-1.200000000000000000e+02
-3.500000000000000000e+01
-1.150000000000000000e+02
-1.400000000000000000e+02
-3.000000000000000000e+01
-7.500000000000000000e+01
-1.650000000000000000e+02
-1.100000000000000000e+02
-5.500000000000000000e+01
-8.000000000000000000e+01
-1.600000000000000000e+02
-9.000000000000000000e+01
-5.000000000000000000e+00
-1.550000000000000000e+02
-4.850000000000000000e+02
-2.150000000000000000e+02
-5.000000000000000000e+00
-7.500000000000000000e+01
4.000000000000000000e+01
-8.000000000000000000e+01
-1.500000000000000000e+01
-4.000000000000000000e+01
-1.550000000000000000e+02
-2.700000000000000000e+02
-7.500000000000000000e+01
-2.500000000000000000e+01
-4.000000000000000000e+01
-1.100000000000000000e+02
-1.600000000000000000e+02
-3.450000000000000000e+02
-9.000000000000000000e+01
-1.550000000000000000e+02
-7.000000000000000000e+01
-1.950000000000000000e+02
-1.650000000000000000e+02
-1.500000000000000000e+02
-2.850000000000000000e+02
-2.500000000000000000e+01
-1.150000000000000000e+02
-5.000000000000000000e+01
-6.000000000000000000e+01
-1.200000000000000000e+02
-1.850000000000000000e+02
2.000000000000000000e+01
-3.800000000000000000e+02
2.000000000000000000e+01
2.500000000000000000e+01
0.000000000000000000e+00
-9.500000000000000000e+01
-1.550000000000000000e+02
-2.350000000000000000e+02
-7.150000000000000000e+02
-1.450000000000000000e+02
-7.000000000000000000e+01
2.500000000000000000e+01
-5.500000000000000000e+01
-1.300000000000000000e+02
-3.500000000000000000e+02
-3.000000000000000000e+01
2.500000000000000000e+01
-1.000000000000000000e+02
-1.000000000000000000e+02
-1.100000000000000000e+02
-2.000000000000000000e+01
-6.500000000000000000e+01
-1.800000000000000000e+02
-3.000000000000000000e+01
-1.150000000000000000e+02
-5.000000000000000000e+00
-1.000000000000000000e+02
-1.000000000000000000e+02
-1.900000000000000000e+02
-6.500000000000000000e+01
-2.950000000000000000e+02
-5.500000000000000000e+01
-1.500000000000000000e+01
-1.000000000000000000e+02
0.000000000000000000e+00
-8.000000000000000000e+01
-1.150000000000000000e+02
4.500000000000000000e+01
-1.550000000000000000e+02
-6.500000000000000000e+01
-2.700000000000000000e+02
5.000000000000000000e+00
-2.150000000000000000e+02
-1.100000000000000000e+02
-9.500000000000000000e+01
-1.200000000000000000e+02
-2.650000000000000000e+02
-1.050000000000000000e+02
-5.500000000000000000e+01
-1.000000000000000000e+02
-1.350000000000000000e+02
-1.500000000000000000e+02
-2.050000000000000000e+02
-2.350000000000000000e+02
-5.500000000000000000e+01
-7.000000000000000000e+01
-1.500000000000000000e+01
-1.950000000000000000e+02
-5.000000000000000000e+01
-2.200000000000000000e+02
-1.750000000000000000e+02
-1.650000000000000000e+02
-1.500000000000000000e+01
-2.150000000000000000e+02
-6.000000000000000000e+01
-1.700000000000000000e+02
-7.500000000000000000e+01
-1.000000000000000000e+01
-7.500000000000000000e+01
-1.500000000000000000e+01
-3.500000000000000000e+01
-1.300000000000000000e+02
-1.500000000000000000e+01
-1.700000000000000000e+02
-2.150000000000000000e+02
-1.700000000000000000e+02
9.000000000000000000e+01
-1.250000000000000000e+02
-8.000000000000000000e+01
-7.500000000000000000e+01
-3.250000000000000000e+02
1.500000000000000000e+01
-8.000000000000000000e+01
-1.950000000000000000e+02
-7.500000000000000000e+01
-7.500000000000000000e+01
-1.100000000000000000e+02
-3.700000000000000000e+02
-2.600000000000000000e+02
-2.500000000000000000e+01
-2.700000000000000000e+02
-1.300000000000000000e+02
-2.000000000000000000e+02
-3.250000000000000000e+02
-1.000000000000000000e+01
-5.500000000000000000e+01
-1.950000000000000000e+02
-1.000000000000000000e+01
-1.500000000000000000e+02
-2.600000000000000000e+02
-2.000000000000000000e+01
1.500000000000000000e+01
-4.000000000000000000e+01
-6.500000000000000000e+01
-5.000000000000000000e+01
-2.350000000000000000e+02
-5.500000000000000000e+01
-1.050000000000000000e+02
-2.300000000000000000e+02
-8.000000000000000000e+01
-7.000000000000000000e+01
-1.100000000000000000e+02
-4.000000000000000000e+01
-1.100000000000000000e+02
-7.500000000000000000e+01
-1.750000000000000000e+02
-1.100000000000000000e+02
-1.800000000000000000e+02
-1.150000000000000000e+02
-3.000000000000000000e+01
-5.000000000000000000e+01
-2.000000000000000000e+01
-2.000000000000000000e+01
-1.800000000000000000e+02
-1.550000000000000000e+02
-1.550000000000000000e+02
-4.000000000000000000e+01
-1.200000000000000000e+02
-4.500000000000000000e+02
-1.050000000000000000e+02
-1.150000000000000000e+02
-5.000000000000000000e+01
-1.400000000000000000e+02
-3.500000000000000000e+01
-8.000000000000000000e+01
-4.000000000000000000e+02
-1.700000000000000000e+02
-1.350000000000000000e+02
-9.000000000000000000e+01
-3.800000000000000000e+02
3.000000000000000000e+01
-1.250000000000000000e+02
2.000000000000000000e+01
-8.500000000000000000e+01
-7.000000000000000000e+01
-6.150000000000000000e+02
-1.450000000000000000e+02
-2.350000000000000000e+02
-7.000000000000000000e+01
-1.150000000000000000e+02
-8.000000000000000000e+01
5.500000000000000000e+01
-7.500000000000000000e+01
-3.500000000000000000e+01
-4.500000000000000000e+01
-9.500000000000000000e+01
-9.500000000000000000e+01
-5.500000000000000000e+01
-2.000000000000000000e+01
-2.050000000000000000e+02
6.500000000000000000e+01
4.000000000000000000e+01
-1.000000000000000000e+02
-6.500000000000000000e+01
-8.500000000000000000e+01
1.000000000000000000e+01
-1.450000000000000000e+02
-1.050000000000000000e+02
-9.500000000000000000e+01
5.000000000000000000e+01
-4.100000000000000000e+02
-1.750000000000000000e+02
-5.000000000000000000e+00
-3.000000000000000000e+01
-1.000000000000000000e+01
-1.650000000000000000e+02
-1.200000000000000000e+02
-4.000000000000000000e+01
-1.300000000000000000e+02
1.000000000000000000e+01
-6.500000000000000000e+01
-1.150000000000000000e+02
-2.650000000000000000e+02
-1.650000000000000000e+02
-1.400000000000000000e+02
-1.100000000000000000e+02
-1.500000000000000000e+02
-5.500000000000000000e+01
-1.750000000000000000e+02
-2.050000000000000000e+02
-3.000000000000000000e+01
-1.400000000000000000e+02
2.000000000000000000e+01
-1.100000000000000000e+02
-2.500000000000000000e+01
-3.000000000000000000e+01
-3.500000000000000000e+02
-2.550000000000000000e+02
-6.500000000000000000e+01
-7.500000000000000000e+01
-1.450000000000000000e+02
-8.500000000000000000e+01
-1.550000000000000000e+02
-1.400000000000000000e+02
-1.050000000000000000e+02
-1.450000000000000000e+02
-5.500000000000000000e+01
-1.350000000000000000e+02
-4.000000000000000000e+01
-6.000000000000000000e+01
-4.500000000000000000e+01
-1.450000000000000000e+02
-1.900000000000000000e+02
-8.000000000000000000e+01
-1.300000000000000000e+02
-1.400000000000000000e+02
-9.000000000000000000e+01
-1.050000000000000000e+02
-9.000000000000000000e+01
-2.450000000000000000e+02
-2.350000000000000000e+02
-7.500000000000000000e+01
-5.500000000000000000e+01
-1.650000000000000000e+02
-7.000000000000000000e+01
-9.500000000000000000e+01
-2.200000000000000000e+02
-9.000000000000000000e+01
-9.500000000000000000e+01
-7.500000000000000000e+01
-2.000000000000000000e+01
-1.250000000000000000e+02
-1.950000000000000000e+02
-3.500000000000000000e+01
1.000000000000000000e+01
-5.000000000000000000e+00
-8.500000000000000000e+01
-2.000000000000000000e+02
-1.150000000000000000e+02
-1.050000000000000000e+02
-1.300000000000000000e+02
-5.500000000000000000e+01
-1.050000000000000000e+02
-9.000000000000000000e+01
-4.500000000000000000e+01
-1.300000000000000000e+02
-3.000000000000000000e+01
-5.000000000000000000e+00
-5.000000000000000000e+01
-1.450000000000000000e+02
-5.500000000000000000e+01
-2.300000000000000000e+02
-4.000000000000000000e+01
-9.000000000000000000e+01
-6.000000000000000000e+01
-5.000000000000000000e+01
-7.000000000000000000e+01
-6.000000000000000000e+01
-1.100000000000000000e+02
-7.000000000000000000e+01
-4.000000000000000000e+01
-5.500000000000000000e+01
-1.350000000000000000e+02
-2.000000000000000000e+01
-6.500000000000000000e+01
-1.450000000000000000e+02
-3.000000000000000000e+01
-1.250000000000000000e+02
-4.000000000000000000e+01
-2.000000000000000000e+01
-1.950000000000000000e+02
0.000000000000000000e+00
-1.600000000000000000e+02
-3.500000000000000000e+01
4.000000000000000000e+01
-1.150000000000000000e+02
-2.000000000000000000e+01
-1.000000000000000000e+01
-9.500000000000000000e+01
-2.050000000000000000e+02
-1.100000000000000000e+02
3.500000000000000000e+01
-6.500000000000000000e+01
7.000000000000000000e+01
-8.000000000000000000e+01
-2.000000000000000000e+01
-1.000000000000000000e+01
-1.200000000000000000e+02
-2.500000000000000000e+01
-4.500000000000000000e+01
1.000000000000000000e+01
-7.000000000000000000e+01
-1.650000000000000000e+02
-3.700000000000000000e+02
-1.350000000000000000e+02
-1.600000000000000000e+02
-2.000000000000000000e+01
6.500000000000000000e+01
-1.700000000000000000e+02
-2.700000000000000000e+02
-9.500000000000000000e+01
-1.250000000000000000e+02
1.000000000000000000e+02
-1.100000000000000000e+02
-4.000000000000000000e+01
1.000000000000000000e+01
6.000000000000000000e+01
-8.500000000000000000e+01
6.000000000000000000e+01
-1.000000000000000000e+01
-1.400000000000000000e+02
4.000000000000000000e+01
-5.500000000000000000e+01
-2.000000000000000000e+01
-1.000000000000000000e+01
-9.500000000000000000e+01
-6.500000000000000000e+01
-2.000000000000000000e+02
0.000000000000000000e+00
-2.500000000000000000e+01
-8.500000000000000000e+01
-1.600000000000000000e+02
-7.000000000000000000e+01
-5.500000000000000000e+01
-1.400000000000000000e+02
-5.000000000000000000e+01
-6.000000000000000000e+01
-2.500000000000000000e+01
-4.000000000000000000e+01
-4.500000000000000000e+01
2.500000000000000000e+01
-1.500000000000000000e+01
-1.050000000000000000e+02
5.000000000000000000e+00
-1.100000000000000000e+02
-6.000000000000000000e+01
0.000000000000000000e+00
-4.500000000000000000e+01
-4.000000000000000000e+01
-1.100000000000000000e+02
7.500000000000000000e+01
-7.000000000000000000e+01
-8.500000000000000000e+01
-6.000000000000000000e+01
4.500000000000000000e+01
-3.500000000000000000e+01
-1.100000000000000000e+02
-2.000000000000000000e+01
-1.300000000000000000e+02
5.000000000000000000e+00
3.000000000000000000e+01
3.000000000000000000e+01
5.000000000000000000e+00
-4.000000000000000000e+01
-1.400000000000000000e+02
1.500000000000000000e+01
-6.000000000000000000e+01
1.500000000000000000e+01
-1.750000000000000000e+02
-3.500000000000000000e+01
1.000000000000000000e+01
1.000000000000000000e+01
-6.500000000000000000e+01
-1.850000000000000000e+02
-2.100000000000000000e+02
6.000000000000000000e+01
-1.550000000000000000e+02
-1.200000000000000000e+02
-1.450000000000000000e+02
-9.000000000000000000e+01
-1.400000000000000000e+02
-1.100000000000000000e+02
-6.000000000000000000e+01
-9.000000000000000000e+01
-5.000000000000000000e+01
5.000000000000000000e+01
-1.500000000000000000e+01
-2.000000000000000000e+02
-2.000000000000000000e+01
-1.100000000000000000e+02
-5.000000000000000000e+01
-3.250000000000000000e+02
-8.450000000000000000e+02
-6.500000000000000000e+01
-4.000000000000000000e+01
-9.000000000000000000e+01
-2.500000000000000000e+01
-1.450000000000000000e+02
-7.000000000000000000e+01
-4.500000000000000000e+01
-2.350000000000000000e+02
-1.000000000000000000e+02
-1.050000000000000000e+02
-1.750000000000000000e+02
1.000000000000000000e+01
-4.500000000000000000e+01
2.500000000000000000e+01
-9.000000000000000000e+01
1.500000000000000000e+01
-3.500000000000000000e+01
-9.500000000000000000e+01
2.500000000000000000e+01
-6.500000000000000000e+01
-1.150000000000000000e+02
-7.000000000000000000e+01
-1.850000000000000000e+02
-2.600000000000000000e+02
-1.150000000000000000e+02
5.000000000000000000e+01
-1.200000000000000000e+02
-5.000000000000000000e+00
-5.950000000000000000e+02
0.000000000000000000e+00
-2.500000000000000000e+01
-3.000000000000000000e+01
-7.000000000000000000e+01
7.500000000000000000e+01
-7.000000000000000000e+01
-4.500000000000000000e+01
-5.500000000000000000e+01
-1.200000000000000000e+02
-8.000000000000000000e+01
2.000000000000000000e+01
-5.000000000000000000e+00
-3.500000000000000000e+01
-7.500000000000000000e+01
-1.150000000000000000e+02
4.000000000000000000e+01
-9.000000000000000000e+01
-1.450000000000000000e+02
-9.000000000000000000e+01
4.500000000000000000e+01
-6.000000000000000000e+01
-4.500000000000000000e+01
-3.500000000000000000e+01
-4.500000000000000000e+01
-3.500000000000000000e+01
-1.800000000000000000e+02
-1.000000000000000000e+01
-8.000000000000000000e+01
5.000000000000000000e+01
-1.000000000000000000e+02
5.000000000000000000e+01
-2.000000000000000000e+02
-5.000000000000000000e+00
3.000000000000000000e+01
-2.500000000000000000e+01
-1.150000000000000000e+02
-7.500000000000000000e+01
-4.500000000000000000e+01
-4.000000000000000000e+01
-4.000000000000000000e+01
-1.850000000000000000e+02
-3.050000000000000000e+02
-2.050000000000000000e+02
-1.000000000000000000e+01
0.000000000000000000e+00
-5.000000000000000000e+00
-2.000000000000000000e+01
-1.350000000000000000e+02
-8.000000000000000000e+01
-6.500000000000000000e+01
-1.250000000000000000e+02
-1.000000000000000000e+01
-3.350000000000000000e+02
4.000000000000000000e+01
-2.000000000000000000e+01
-2.850000000000000000e+02
-1.400000000000000000e+02
-3.550000000000000000e+02
8.500000000000000000e+01
-9.500000000000000000e+01
-1.690000000000000000e+03
-1.250000000000000000e+02
-6.000000000000000000e+01
2.000000000000000000e+01
-1.500000000000000000e+01
-2.500000000000000000e+01
-1.200000000000000000e+02
-2.200000000000000000e+02
-4.500000000000000000e+01
-5.000000000000000000e+00
-4.000000000000000000e+01
-2.750000000000000000e+02
8.000000000000000000e+01
-1.500000000000000000e+02
-2.000000000000000000e+01
-1.550000000000000000e+02
-5.000000000000000000e+01
-4.000000000000000000e+01
3.000000000000000000e+01
1.350000000000000000e+02
-1.400000000000000000e+02
-2.000000000000000000e+01
-1.200000000000000000e+02
5.000000000000000000e+01
-1.400000000000000000e+02
-7.000000000000000000e+01
-2.500000000000000000e+01
-1.000000000000000000e+01
1.500000000000000000e+01
-8.000000000000000000e+01
3.500000000000000000e+01
-1.705000000000000000e+03
1.350000000000000000e+02
2.500000000000000000e+01
-9.000000000000000000e+01
-7.500000000000000000e+01
8.500000000000000000e+01
6.000000000000000000e+01
-2.500000000000000000e+02
-6.500000000000000000e+01
7.000000000000000000e+01
0.000000000000000000e+00
-1.250000000000000000e+02
-2.400000000000000000e+02
2.000000000000000000e+01
5.000000000000000000e+00
-1.000000000000000000e+01
-3.500000000000000000e+01
-1.700000000000000000e+02
-1.500000000000000000e+02
-1.550000000000000000e+02
-6.500000000000000000e+01
2.500000000000000000e+01
3.000000000000000000e+01
-3.000000000000000000e+01
-1.150000000000000000e+02
3.000000000000000000e+01
-2.500000000000000000e+01
-1.000000000000000000e+01
-1.000000000000000000e+01
-1.700000000000000000e+02
4.500000000000000000e+01
6.000000000000000000e+01
-9.500000000000000000e+01
-2.400000000000000000e+02
4.500000000000000000e+01
5.000000000000000000e+00
1.000000000000000000e+01
0.000000000000000000e+00
-1.600000000000000000e+02
2.500000000000000000e+01
-8.000000000000000000e+01
-9.000000000000000000e+01
-5.000000000000000000e+00
-3.500000000000000000e+01
4.000000000000000000e+01
-6.500000000000000000e+01
-1.300000000000000000e+02
1.500000000000000000e+01
-5.550000000000000000e+02
-2.500000000000000000e+01
4.500000000000000000e+01
-1.000000000000000000e+01
1.000000000000000000e+01
-1.700000000000000000e+02
-3.500000000000000000e+01
-1.450000000000000000e+02
-2.450000000000000000e+02
3.000000000000000000e+01
5.500000000000000000e+01
1.000000000000000000e+01
0.000000000000000000e+00
-3.650000000000000000e+02
-9.500000000000000000e+01
-9.500000000000000000e+01
3.000000000000000000e+01
-6.500000000000000000e+01
-7.500000000000000000e+01
1.500000000000000000e+01
-1.600000000000000000e+02
-7.100000000000000000e+02
-5.000000000000000000e+01
-9.000000000000000000e+01
3.500000000000000000e+01
-3.150000000000000000e+02
1.500000000000000000e+01
-9.500000000000000000e+01
1.000000000000000000e+01
9.000000000000000000e+01
8.500000000000000000e+01
-1.600000000000000000e+02
-6.000000000000000000e+01
1.150000000000000000e+02
-1.150000000000000000e+02
-5.500000000000000000e+01
-1.500000000000000000e+01
-1.950000000000000000e+02
-1.500000000000000000e+01
2.000000000000000000e+01
-8.500000000000000000e+01
2.500000000000000000e+01
-1.350000000000000000e+02
-1.100000000000000000e+02
-7.500000000000000000e+01
7.000000000000000000e+01
9.500000000000000000e+01
-1.500000000000000000e+01
-1.050000000000000000e+02
9.000000000000000000e+01
3.500000000000000000e+01
1.100000000000000000e+02
-1.000000000000000000e+02
2.500000000000000000e+01
3.000000000000000000e+01
-2.300000000000000000e+02
3.500000000000000000e+01
-6.500000000000000000e+01
1.100000000000000000e+02
-2.650000000000000000e+02
-7.500000000000000000e+01
-4.000000000000000000e+01
4.500000000000000000e+01
9.000000000000000000e+01
-1.450000000000000000e+02
0.000000000000000000e+00
8.000000000000000000e+01
-1.350000000000000000e+02
4.500000000000000000e+01
5.000000000000000000e+01
-3.000000000000000000e+01
-6.000000000000000000e+01
-1.700000000000000000e+03
-1.360000000000000000e+03
-2.500000000000000000e+01
-7.500000000000000000e+01
0.000000000000000000e+00
-1.250000000000000000e+02
9.500000000000000000e+01
5.000000000000000000e+00
-1.200000000000000000e+02
-1.450000000000000000e+02
-6.000000000000000000e+01
-5.500000000000000000e+01
4.500000000000000000e+01
-2.050000000000000000e+02
-1.450000000000000000e+02
7.000000000000000000e+01
1.100000000000000000e+02
-1.950000000000000000e+02
2.500000000000000000e+01
-1.450000000000000000e+02
5.500000000000000000e+01
3.000000000000000000e+01
1.500000000000000000e+01
-2.500000000000000000e+01
-5.000000000000000000e+00
-3.000000000000000000e+01
1.000000000000000000e+01
-1.000000000000000000e+01
1.500000000000000000e+01
-6.500000000000000000e+01
6.500000000000000000e+01
6.000000000000000000e+01
-1.500000000000000000e+02
9.000000000000000000e+01
-2.450000000000000000e+02
4.500000000000000000e+01
-1.000000000000000000e+01
0.000000000000000000e+00
-2.500000000000000000e+01
-1.300000000000000000e+02
-1.550000000000000000e+02
-3.550000000000000000e+02
5.000000000000000000e+01
-7.500000000000000000e+01
6.500000000000000000e+01
4.000000000000000000e+01
8.000000000000000000e+01
4.000000000000000000e+01
-4.500000000000000000e+01
1.000000000000000000e+01
0.000000000000000000e+00
1.500000000000000000e+01
1.000000000000000000e+01
9.500000000000000000e+01
3.000000000000000000e+01
6.000000000000000000e+01
8.000000000000000000e+01
-8.000000000000000000e+01
5.000000000000000000e+00
4.000000000000000000e+01
1.500000000000000000e+01
-1.400000000000000000e+02
-3.500000000000000000e+01
2.000000000000000000e+01
1.100000000000000000e+02
5.000000000000000000e+01
-4.500000000000000000e+01
-3.050000000000000000e+03
1.150000000000000000e+02
1.000000000000000000e+01
3.000000000000000000e+01
2.500000000000000000e+01
1.000000000000000000e+01
4.000000000000000000e+01
9.500000000000000000e+01
-2.850000000000000000e+02
4.000000000000000000e+01
2.000000000000000000e+01
8.000000000000000000e+01
-8.500000000000000000e+01
-3.000000000000000000e+01
-1.800000000000000000e+02
-5.000000000000000000e+00
-7.500000000000000000e+01
1.000000000000000000e+01
0.000000000000000000e+00
-5.400000000000000000e+02
-4.000000000000000000e+01
2.500000000000000000e+01
1.150000000000000000e+02
-7.000000000000000000e+01
-2.000000000000000000e+01
1.050000000000000000e+02
7.000000000000000000e+01
2.000000000000000000e+01
-1.150000000000000000e+02
-2.250000000000000000e+02
1.400000000000000000e+02
1.100000000000000000e+02
5.500000000000000000e+01
5.000000000000000000e+01
-2.500000000000000000e+01
6.000000000000000000e+01
7.500000000000000000e+01
1.000000000000000000e+02
-2.500000000000000000e+01
5.500000000000000000e+01
-3.000000000000000000e+01
-1.700000000000000000e+02
-2.500000000000000000e+01
-4.000000000000000000e+01
-8.500000000000000000e+01
1.200000000000000000e+02
-1.550000000000000000e+02
5.500000000000000000e+01
-1.550000000000000000e+02
-6.000000000000000000e+01
-1.200000000000000000e+02
5.500000000000000000e+01
6.000000000000000000e+01
-2.500000000000000000e+01
-6.150000000000000000e+02
6.000000000000000000e+01
-2.000000000000000000e+01
0.000000000000000000e+00
1.850000000000000000e+02
-2.300000000000000000e+02
9.000000000000000000e+01
-8.500000000000000000e+01
-2.340000000000000000e+03
1.750000000000000000e+02
-5.000000000000000000e+00
-1.050000000000000000e+02
-4.050000000000000000e+02
1.250000000000000000e+02
1.250000000000000000e+02
-4.500000000000000000e+01
-1.050000000000000000e+03
-1.400000000000000000e+02
2.500000000000000000e+01
-2.100000000000000000e+02
-5.800000000000000000e+02
-8.000000000000000000e+01
1.000000000000000000e+02
-1.150000000000000000e+02
3.500000000000000000e+01
-5.000000000000000000e+00
-2.000000000000000000e+02
6.500000000000000000e+01
-2.000000000000000000e+01
-8.500000000000000000e+01
8.000000000000000000e+01
-1.250000000000000000e+02
3.000000000000000000e+01
6.000000000000000000e+01
5.000000000000000000e+01
1.000000000000000000e+01
-1.550000000000000000e+02
9.500000000000000000e+01
-1.100000000000000000e+02
-5.655000000000000000e+03
4.500000000000000000e+01
5.500000000000000000e+01
-2.000000000000000000e+01
9.000000000000000000e+01
1.500000000000000000e+01
5.500000000000000000e+01
-4.000000000000000000e+01
-9.000000000000000000e+01
-4.500000000000000000e+01
-2.870000000000000000e+03
5.000000000000000000e+01
1.400000000000000000e+02
-2.500000000000000000e+01
2.000000000000000000e+02
-4.000000000000000000e+01
1.150000000000000000e+02
-8.000000000000000000e+01
-2.200000000000000000e+02
-2.000000000000000000e+01
4.000000000000000000e+01
-6.900000000000000000e+02
-5.000000000000000000e+00
-3.000000000000000000e+01
4.500000000000000000e+01
2.050000000000000000e+02
1.100000000000000000e+02
1.700000000000000000e+02
1.400000000000000000e+02
2.500000000000000000e+01
2.100000000000000000e+02
1.750000000000000000e+02
-1.500000000000000000e+01
1.500000000000000000e+01
1.350000000000000000e+02
5.000000000000000000e+01
0.000000000000000000e+00
6.000000000000000000e+01
4.000000000000000000e+01
-9.000000000000000000e+01
1.600000000000000000e+02
5.500000000000000000e+01
1.600000000000000000e+02
-1.800000000000000000e+02
-5.500000000000000000e+01
-5.485000000000000000e+03
4.000000000000000000e+01
-3.000000000000000000e+01
1.000000000000000000e+01
1.200000000000000000e+02
-1.000000000000000000e+02
7.500000000000000000e+01
-2.500000000000000000e+01
4.500000000000000000e+01
-4.350000000000000000e+02
1.400000000000000000e+02
4.500000000000000000e+01
1.500000000000000000e+01
8.000000000000000000e+01
0.000000000000000000e+00
1.500000000000000000e+01
1.300000000000000000e+02
-1.450000000000000000e+02
-6.000000000000000000e+01
1.850000000000000000e+02
-1.165000000000000000e+03
1.400000000000000000e+02
1.000000000000000000e+01
1.000000000000000000e+02
1.250000000000000000e+02
1.200000000000000000e+02
1.150000000000000000e+02
5.000000000000000000e+01
2.000000000000000000e+01
0.000000000000000000e+00
-2.000000000000000000e+01
1.450000000000000000e+02
0.000000000000000000e+00
1.500000000000000000e+02
-7.000000000000000000e+01
-1.300000000000000000e+02
-6.000000000000000000e+01
5.000000000000000000e+01
7.500000000000000000e+01
2.000000000000000000e+01
0.000000000000000000e+00
1.550000000000000000e+02
-2.000000000000000000e+01
-1.600000000000000000e+02
-3.500000000000000000e+01
-4.500000000000000000e+01
-1.000000000000000000e+01
1.500000000000000000e+01
-1.400000000000000000e+02
1.000000000000000000e+01
5.000000000000000000e+01
7.000000000000000000e+01
-1.400000000000000000e+02
7.000000000000000000e+01
1.650000000000000000e+02
1.400000000000000000e+02
1.200000000000000000e+02
8.500000000000000000e+01
-4.500000000000000000e+01
9.000000000000000000e+01
9.000000000000000000e+01
-4.000000000000000000e+01
2.950000000000000000e+02
3.500000000000000000e+01
-5.500000000000000000e+01
-4.500000000000000000e+01
1.550000000000000000e+02
3.000000000000000000e+01
-4.000000000000000000e+01
2.000000000000000000e+02
6.000000000000000000e+01
1.350000000000000000e+02
1.400000000000000000e+02
3.000000000000000000e+01
8.500000000000000000e+01
4.000000000000000000e+01
-3.300000000000000000e+02
2.000000000000000000e+01
4.500000000000000000e+01
1.550000000000000000e+02
5.000000000000000000e+01
-6.500000000000000000e+01
1.900000000000000000e+02
-3.000000000000000000e+01
1.650000000000000000e+02
1.000000000000000000e+01
1.050000000000000000e+02
1.800000000000000000e+02
1.000000000000000000e+01
-1.600000000000000000e+02
-3.000000000000000000e+01
-3.000000000000000000e+02
1.400000000000000000e+02
2.800000000000000000e+02
-1.000000000000000000e+01
1.300000000000000000e+02
1.350000000000000000e+02
7.500000000000000000e+01
1.650000000000000000e+02
2.300000000000000000e+02
9.500000000000000000e+01
1.550000000000000000e+02
-1.200000000000000000e+02
1.350000000000000000e+02
-1.600000000000000000e+02
7.500000000000000000e+01
1.950000000000000000e+02
1.250000000000000000e+02
1.650000000000000000e+02
1.200000000000000000e+02
5.000000000000000000e+01
1.400000000000000000e+02
1.700000000000000000e+02
1.650000000000000000e+02
2.750000000000000000e+02
1.500000000000000000e+01
9.000000000000000000e+01
-3.000000000000000000e+01
6.000000000000000000e+01
1.500000000000000000e+02
1.050000000000000000e+02
-5.000000000000000000e+00
1.100000000000000000e+02
1.450000000000000000e+02
1.100000000000000000e+02
2.000000000000000000e+02
1.450000000000000000e+02
1.500000000000000000e+02
6.500000000000000000e+01
1.200000000000000000e+02
2.250000000000000000e+02
2.800000000000000000e+02
2.000000000000000000e+01
1.900000000000000000e+02
5.000000000000000000e+01
5.500000000000000000e+01
4.500000000000000000e+01
1.700000000000000000e+02
2.300000000000000000e+02
7.500000000000000000e+01
1.150000000000000000e+02
-2.000000000000000000e+01
-4.000000000000000000e+01
-1.700000000000000000e+02
-1.045000000000000000e+03
3.450000000000000000e+02
-3.130000000000000000e+03
-3.500000000000000000e+01
7.500000000000000000e+01
1.150000000000000000e+02
1.750000000000000000e+02
9.500000000000000000e+01
2.000000000000000000e+01
8.000000000000000000e+01
2.250000000000000000e+02
1.500000000000000000e+02
5.500000000000000000e+01
1.150000000000000000e+02
2.450000000000000000e+02
-1.500000000000000000e+01
1.300000000000000000e+02
2.550000000000000000e+02
1.950000000000000000e+02
1.000000000000000000e+02
2.750000000000000000e+02
2.100000000000000000e+02
1.700000000000000000e+02
2.250000000000000000e+02
1.850000000000000000e+02
-5.500000000000000000e+01
1.000000000000000000e+01
2.350000000000000000e+02
3.100000000000000000e+02
2.200000000000000000e+02
-4.000000000000000000e+01
2.000000000000000000e+02
1.100000000000000000e+02
-9.500000000000000000e+01
1.450000000000000000e+02
1.050000000000000000e+02
2.150000000000000000e+02
1.750000000000000000e+02
0.000000000000000000e+00
1.750000000000000000e+02
1.950000000000000000e+02
1.150000000000000000e+02
3.050000000000000000e+02
1.000000000000000000e+02
2.000000000000000000e+01
1.500000000000000000e+01
1.500000000000000000e+01
7.000000000000000000e+01
1.450000000000000000e+02
1.700000000000000000e+02
2.650000000000000000e+02
6.000000000000000000e+01
3.000000000000000000e+01
1.350000000000000000e+02
1.600000000000000000e+02
1.700000000000000000e+02
1.550000000000000000e+02
6.500000000000000000e+01
2.000000000000000000e+02
2.850000000000000000e+02
1.600000000000000000e+02
9.000000000000000000e+01
1.600000000000000000e+02
9.000000000000000000e+01
3.300000000000000000e+02
2.400000000000000000e+02
-9.500000000000000000e+01
-6.500000000000000000e+01
-4.450000000000000000e+02
-1.435000000000000000e+03
-5.000000000000000000e+00
1.400000000000000000e+02
0.000000000000000000e+00
2.400000000000000000e+02
3.100000000000000000e+02
2.000000000000000000e+02
3.050000000000000000e+02
1.750000000000000000e+02
2.400000000000000000e+02
2.300000000000000000e+02
5.000000000000000000e+01
6.000000000000000000e+01
1.950000000000000000e+02
2.850000000000000000e+02
1.350000000000000000e+02
1.050000000000000000e+02
1.950000000000000000e+02
3.500000000000000000e+01
2.050000000000000000e+02
2.200000000000000000e+02
2.000000000000000000e+01
2.350000000000000000e+02
2.150000000000000000e+02
2.350000000000000000e+02
2.150000000000000000e+02
1.850000000000000000e+02
2.900000000000000000e+02
3.800000000000000000e+02
2.850000000000000000e+02
1.750000000000000000e+02
1.550000000000000000e+02
3.200000000000000000e+02
2.800000000000000000e+02
2.300000000000000000e+02
2.300000000000000000e+02
2.400000000000000000e+02
2.650000000000000000e+02
-3.500000000000000000e+01
1.750000000000000000e+02
3.000000000000000000e+02
2.350000000000000000e+02
1.850000000000000000e+02
7.500000000000000000e+01
9.000000000000000000e+01
2.000000000000000000e+02
1.850000000000000000e+02
-1.050000000000000000e+02
1.900000000000000000e+02
1.750000000000000000e+02
3.350000000000000000e+02
7.500000000000000000e+01
6.500000000000000000e+01
2.150000000000000000e+02
1.150000000000000000e+02
2.300000000000000000e+02
-1.000000000000000000e+01
2.600000000000000000e+02
-2.650000000000000000e+02
1.400000000000000000e+02
6.500000000000000000e+01
2.600000000000000000e+02
3.250000000000000000e+02
2.250000000000000000e+02
3.200000000000000000e+02
3.550000000000000000e+02
1.750000000000000000e+02
-3.000000000000000000e+01
2.850000000000000000e+02
1.700000000000000000e+02
6.000000000000000000e+01
1.250000000000000000e+02
1.150000000000000000e+02
2.500000000000000000e+01
2.350000000000000000e+02
4.000000000000000000e+01
1.400000000000000000e+02
1.950000000000000000e+02
2.000000000000000000e+02
7.500000000000000000e+01
1.900000000000000000e+02
2.850000000000000000e+02
1.350000000000000000e+02
2.300000000000000000e+02
-6.500000000000000000e+01
1.750000000000000000e+02
-3.000000000000000000e+01
1.900000000000000000e+02
1.950000000000000000e+02
2.150000000000000000e+02
2.250000000000000000e+02
1.400000000000000000e+02
1.050000000000000000e+02
2.250000000000000000e+02
1.300000000000000000e+02
4.450000000000000000e+02
8.500000000000000000e+01
2.300000000000000000e+02
2.000000000000000000e+02
2.500000000000000000e+02
1.450000000000000000e+02
2.400000000000000000e+02
-1.500000000000000000e+01
1.650000000000000000e+02
2.550000000000000000e+02
1.950000000000000000e+02
3.750000000000000000e+02
2.050000000000000000e+02
1.350000000000000000e+02
2.750000000000000000e+02
1.600000000000000000e+02
3.150000000000000000e+02
9.500000000000000000e+01
3.600000000000000000e+02
2.200000000000000000e+02
2.300000000000000000e+02
2.100000000000000000e+02
2.200000000000000000e+02
3.300000000000000000e+02
1.900000000000000000e+02
2.900000000000000000e+02
2.250000000000000000e+02
2.850000000000000000e+02
2.600000000000000000e+02
3.300000000000000000e+02
2.100000000000000000e+02
2.600000000000000000e+02
9.500000000000000000e+01
2.950000000000000000e+02
-9.000000000000000000e+01
1.850000000000000000e+02
3.000000000000000000e+01
2.300000000000000000e+02
2.650000000000000000e+02
3.100000000000000000e+02
7.500000000000000000e+01
1.000000000000000000e+02
2.100000000000000000e+02
3.300000000000000000e+02
1.200000000000000000e+02
2.600000000000000000e+02
1.750000000000000000e+02
-2.300000000000000000e+02
2.150000000000000000e+02
2.350000000000000000e+02
2.250000000000000000e+02
1.800000000000000000e+02
3.150000000000000000e+02
3.050000000000000000e+02
1.850000000000000000e+02
1.850000000000000000e+02
2.600000000000000000e+02
2.250000000000000000e+02
2.550000000000000000e+02
2.100000000000000000e+02
2.500000000000000000e+01
2.250000000000000000e+02
2.850000000000000000e+02
1.750000000000000000e+02
1.100000000000000000e+02
1.750000000000000000e+02
2.850000000000000000e+02
4.050000000000000000e+02
3.600000000000000000e+02
2.450000000000000000e+02
2.000000000000000000e+02
3.300000000000000000e+02
-6.450000000000000000e+02
3.300000000000000000e+02
2.500000000000000000e+01
1.600000000000000000e+02
1.650000000000000000e+02
3.050000000000000000e+02
1.950000000000000000e+02
1.800000000000000000e+02
1.600000000000000000e+02
2.850000000000000000e+02
1.800000000000000000e+02
2.600000000000000000e+02
2.750000000000000000e+02
2.700000000000000000e+02
2.000000000000000000e+02
2.750000000000000000e+02
1.200000000000000000e+02
1.800000000000000000e+02
2.600000000000000000e+02
3.400000000000000000e+02
2.250000000000000000e+02
2.000000000000000000e+02
1.800000000000000000e+02
2.650000000000000000e+02
9.000000000000000000e+01
7.000000000000000000e+01
8.500000000000000000e+01
3.200000000000000000e+02
3.700000000000000000e+02
3.150000000000000000e+02
3.700000000000000000e+02
1.900000000000000000e+02
2.200000000000000000e+02
1.400000000000000000e+02
1.550000000000000000e+02
2.250000000000000000e+02
-4.250000000000000000e+02
3.750000000000000000e+02
4.350000000000000000e+02
2.800000000000000000e+02
3.500000000000000000e+02
-5.050000000000000000e+02
3.500000000000000000e+02
9.500000000000000000e+01
8.500000000000000000e+01
3.150000000000000000e+02
2.950000000000000000e+02
1.800000000000000000e+02
3.600000000000000000e+02
1.500000000000000000e+02
2.600000000000000000e+02
1.800000000000000000e+02
1.150000000000000000e+02
9.500000000000000000e+01
2.150000000000000000e+02
2.250000000000000000e+02
1.600000000000000000e+02
2.450000000000000000e+02
3.700000000000000000e+02
3.950000000000000000e+02
1.650000000000000000e+02
2.800000000000000000e+02
2.450000000000000000e+02
2.800000000000000000e+02
2.100000000000000000e+02
2.000000000000000000e+02
3.050000000000000000e+02
2.250000000000000000e+02
3.200000000000000000e+02
2.200000000000000000e+02
2.950000000000000000e+02
2.600000000000000000e+02
2.700000000000000000e+02
2.400000000000000000e+02
1.350000000000000000e+02
2.800000000000000000e+02
1.700000000000000000e+02
3.950000000000000000e+02
3.750000000000000000e+02
2.950000000000000000e+02
1.650000000000000000e+02
2.850000000000000000e+02
4.500000000000000000e+02
9.000000000000000000e+01
3.250000000000000000e+02
1.900000000000000000e+02
1.800000000000000000e+02
3.750000000000000000e+02
3.100000000000000000e+02
3.250000000000000000e+02
2.000000000000000000e+02
1.700000000000000000e+02
3.000000000000000000e+02
4.050000000000000000e+02
2.850000000000000000e+02
1.450000000000000000e+02
3.000000000000000000e+01
3.250000000000000000e+02
3.050000000000000000e+02
-1.750000000000000000e+02
1.750000000000000000e+02
2.550000000000000000e+02
7.000000000000000000e+01
2.100000000000000000e+02
-2.200000000000000000e+02
3.550000000000000000e+02
3.050000000000000000e+02
2.150000000000000000e+02
3.800000000000000000e+02
3.600000000000000000e+02
5.000000000000000000e+01
4.000000000000000000e+02
3.000000000000000000e+02
2.550000000000000000e+02
3.900000000000000000e+02
1.550000000000000000e+02
1.550000000000000000e+02
2.800000000000000000e+02
-5.500000000000000000e+01
2.800000000000000000e+02
2.850000000000000000e+02
2.600000000000000000e+02
5.000000000000000000e+00
3.500000000000000000e+02
2.200000000000000000e+02
-8.000000000000000000e+01
1.900000000000000000e+02
3.500000000000000000e+01
2.300000000000000000e+02
2.900000000000000000e+02
3.600000000000000000e+02
3.050000000000000000e+02
2.250000000000000000e+02
1.900000000000000000e+02
2.250000000000000000e+02
2.750000000000000000e+02
2.600000000000000000e+02
3.800000000000000000e+02
-1.185000000000000000e+03
5.500000000000000000e+01
3.750000000000000000e+02
3.650000000000000000e+02
3.000000000000000000e+02
3.550000000000000000e+02
3.350000000000000000e+02
4.450000000000000000e+02
3.450000000000000000e+02
3.950000000000000000e+02
2.850000000000000000e+02
2.950000000000000000e+02
2.550000000000000000e+02
2.950000000000000000e+02
3.650000000000000000e+02
3.150000000000000000e+02
4.550000000000000000e+02
3.200000000000000000e+02
2.400000000000000000e+02
2.650000000000000000e+02
2.100000000000000000e+02
2.800000000000000000e+02
4.150000000000000000e+02
2.950000000000000000e+02
1.650000000000000000e+02
3.800000000000000000e+02
1.800000000000000000e+02
3.800000000000000000e+02
-2.500000000000000000e+02
2.650000000000000000e+02
2.850000000000000000e+02
4.250000000000000000e+02
-3.500000000000000000e+02
4.050000000000000000e+02
1.900000000000000000e+02
2.050000000000000000e+02
-1.975000000000000000e+03
4.350000000000000000e+02
3.200000000000000000e+02
1.900000000000000000e+02
2.950000000000000000e+02
3.600000000000000000e+02
4.400000000000000000e+02
1.700000000000000000e+02
-1.075000000000000000e+03
7.500000000000000000e+01
1.650000000000000000e+02
4.200000000000000000e+02
3.750000000000000000e+02
3.850000000000000000e+02
6.500000000000000000e+01
4.050000000000000000e+02
2.600000000000000000e+02
2.600000000000000000e+02
2.150000000000000000e+02
6.000000000000000000e+01
2.350000000000000000e+02
3.950000000000000000e+02
2.900000000000000000e+02
2.700000000000000000e+02
2.700000000000000000e+02
2.150000000000000000e+02
3.200000000000000000e+02
5.000000000000000000e+02
2.550000000000000000e+02
2.950000000000000000e+02
2.000000000000000000e+02
3.550000000000000000e+02
2.450000000000000000e+02
-5.000000000000000000e+00
3.100000000000000000e+02
4.400000000000000000e+02
2.600000000000000000e+02
3.700000000000000000e+02
1.400000000000000000e+02
3.650000000000000000e+02
3.800000000000000000e+02
2.350000000000000000e+02
3.400000000000000000e+02
2.350000000000000000e+02
2.300000000000000000e+02
2.150000000000000000e+02
2.150000000000000000e+02
2.100000000000000000e+02
3.350000000000000000e+02
2.950000000000000000e+02
2.500000000000000000e+02
3.150000000000000000e+02
2.250000000000000000e+02
2.100000000000000000e+02
2.550000000000000000e+02
4.300000000000000000e+02
2.700000000000000000e+02
1.950000000000000000e+02
2.900000000000000000e+02
2.000000000000000000e+01
2.150000000000000000e+02
2.050000000000000000e+02
2.600000000000000000e+02
3.250000000000000000e+02
2.950000000000000000e+02
3.100000000000000000e+02
2.150000000000000000e+02
2.550000000000000000e+02
2.450000000000000000e+02
0.000000000000000000e+00
3.150000000000000000e+02
2.500000000000000000e+02
3.400000000000000000e+02
4.850000000000000000e+02
3.450000000000000000e+02
3.150000000000000000e+02
7.000000000000000000e+01
1.650000000000000000e+02
3.350000000000000000e+02
4.150000000000000000e+02
2.900000000000000000e+02
3.850000000000000000e+02
3.250000000000000000e+02
2.500000000000000000e+02
2.300000000000000000e+02
2.800000000000000000e+02
2.850000000000000000e+02
8.000000000000000000e+01
2.600000000000000000e+02
2.400000000000000000e+02
4.000000000000000000e+02
3.700000000000000000e+02
3.350000000000000000e+02
3.550000000000000000e+02
2.950000000000000000e+02
2.850000000000000000e+02
4.300000000000000000e+02
3.950000000000000000e+02
2.750000000000000000e+02
3.950000000000000000e+02
3.350000000000000000e+02
3.250000000000000000e+02
4.550000000000000000e+02
4.200000000000000000e+02
1.600000000000000000e+02
1.100000000000000000e+02
2.400000000000000000e+02
1.200000000000000000e+02
-3.000000000000000000e+01
2.400000000000000000e+02
3.600000000000000000e+02
1.950000000000000000e+02
3.250000000000000000e+02
3.650000000000000000e+02
2.750000000000000000e+02
4.650000000000000000e+02
1.900000000000000000e+02
1.950000000000000000e+02
3.100000000000000000e+02
4.200000000000000000e+02
2.900000000000000000e+02
2.750000000000000000e+02
2.900000000000000000e+02
2.650000000000000000e+02
4.000000000000000000e+02
1.900000000000000000e+02
4.850000000000000000e+02
1.650000000000000000e+02
2.450000000000000000e+02
3.250000000000000000e+02
3.300000000000000000e+02
2.900000000000000000e+02
3.100000000000000000e+02
2.900000000000000000e+02
3.700000000000000000e+02
3.800000000000000000e+02
3.350000000000000000e+02
3.700000000000000000e+02
2.450000000000000000e+02
8.500000000000000000e+01
2.700000000000000000e+02
1.500000000000000000e+02
2.600000000000000000e+02
2.600000000000000000e+02
2.400000000000000000e+02
1.700000000000000000e+02
3.050000000000000000e+02
2.850000000000000000e+02
5.000000000000000000e+01
2.300000000000000000e+02
4.700000000000000000e+02
3.850000000000000000e+02
1.800000000000000000e+02
3.600000000000000000e+02
2.600000000000000000e+02
3.300000000000000000e+02
2.700000000000000000e+02
6.500000000000000000e+01
1.950000000000000000e+02
2.000000000000000000e+02
2.200000000000000000e+02
3.450000000000000000e+02
2.100000000000000000e+02
1.050000000000000000e+02
3.200000000000000000e+02
2.100000000000000000e+02
3.450000000000000000e+02
-9.000000000000000000e+01
-2.500000000000000000e+01
4.150000000000000000e+02
3.450000000000000000e+02
2.400000000000000000e+02
1.550000000000000000e+02
2.650000000000000000e+02
2.200000000000000000e+02
2.400000000000000000e+02
4.450000000000000000e+02
2.750000000000000000e+02
2.700000000000000000e+02
2.950000000000000000e+02
3.950000000000000000e+02
3.750000000000000000e+02
1.650000000000000000e+02
2.850000000000000000e+02
2.250000000000000000e+02
3.750000000000000000e+02
3.700000000000000000e+02
2.950000000000000000e+02
4.050000000000000000e+02
2.150000000000000000e+02
3.400000000000000000e+02
1.850000000000000000e+02
4.550000000000000000e+02
4.100000000000000000e+02
3.200000000000000000e+02
2.300000000000000000e+02
1.450000000000000000e+02
4.000000000000000000e+02
2.500000000000000000e+02
3.050000000000000000e+02
5.000000000000000000e+02
3.100000000000000000e+02
1.650000000000000000e+02
3.450000000000000000e+02
2.200000000000000000e+02
3.000000000000000000e+02
1.200000000000000000e+02
1.950000000000000000e+02
2.700000000000000000e+02
2.100000000000000000e+02
2.850000000000000000e+02
4.100000000000000000e+02
3.250000000000000000e+02
1.600000000000000000e+02
3.100000000000000000e+02
3.800000000000000000e+02
2.700000000000000000e+02
4.000000000000000000e+02
3.100000000000000000e+02
3.150000000000000000e+02
2.000000000000000000e+02
1.450000000000000000e+02
3.400000000000000000e+02
3.050000000000000000e+02
3.300000000000000000e+02
2.950000000000000000e+02
2.500000000000000000e+02
5.000000000000000000e+00
2.250000000000000000e+02
2.650000000000000000e+02
1.000000000000000000e+02
4.500000000000000000e+01
2.550000000000000000e+02
2.900000000000000000e+02
1.800000000000000000e+02
3.500000000000000000e+02
3.500000000000000000e+02
2.650000000000000000e+02
2.900000000000000000e+02
3.100000000000000000e+02
4.000000000000000000e+02
3.550000000000000000e+02
3.000000000000000000e+02
3.500000000000000000e+02
3.100000000000000000e+02
3.200000000000000000e+02
0.000000000000000000e+00
3.650000000000000000e+02
2.500000000000000000e+02
1.000000000000000000e+02
1.650000000000000000e+02
2.750000000000000000e+02
3.000000000000000000e+02
3.900000000000000000e+02
3.300000000000000000e+02
2.850000000000000000e+02
2.700000000000000000e+02
3.700000000000000000e+02
2.250000000000000000e+02
3.350000000000000000e+02
3.000000000000000000e+02
1.650000000000000000e+02
3.250000000000000000e+02
3.350000000000000000e+02
3.800000000000000000e+02
4.050000000000000000e+02
4.100000000000000000e+02
2.550000000000000000e+02
3.300000000000000000e+02
3.000000000000000000e+02
3.500000000000000000e+02
3.900000000000000000e+02
3.550000000000000000e+02
3.750000000000000000e+02
2.800000000000000000e+02
2.150000000000000000e+02
3.450000000000000000e+02
2.550000000000000000e+02
2.950000000000000000e+02
1.400000000000000000e+02
1.600000000000000000e+02
3.700000000000000000e+02
3.650000000000000000e+02
2.500000000000000000e+02
3.300000000000000000e+02
3.000000000000000000e+02
2.000000000000000000e+02
1.150000000000000000e+02
3.550000000000000000e+02
3.400000000000000000e+02
3.550000000000000000e+02
2.500000000000000000e+02
3.200000000000000000e+02
4.300000000000000000e+02
3.800000000000000000e+02
3.700000000000000000e+02
3.300000000000000000e+02
1.050000000000000000e+02
3.550000000000000000e+02
3.700000000000000000e+02
1.200000000000000000e+02
4.300000000000000000e+02
3.650000000000000000e+02
2.500000000000000000e+02
3.650000000000000000e+02
3.450000000000000000e+02
3.450000000000000000e+02
1.500000000000000000e+02
1.400000000000000000e+02
1.150000000000000000e+02
3.300000000000000000e+02
2.400000000000000000e+02
3.150000000000000000e+02
3.200000000000000000e+02
3.750000000000000000e+02
3.850000000000000000e+02
1.500000000000000000e+02
3.900000000000000000e+02
4.050000000000000000e+02
3.000000000000000000e+02
1.200000000000000000e+02
2.200000000000000000e+02
2.350000000000000000e+02
2.700000000000000000e+02
2.650000000000000000e+02
3.200000000000000000e+02
4.200000000000000000e+02
2.900000000000000000e+02
4.050000000000000000e+02
1.600000000000000000e+02
3.050000000000000000e+02
1.000000000000000000e+01
3.600000000000000000e+02
4.350000000000000000e+02
3.800000000000000000e+02
2.950000000000000000e+02
2.750000000000000000e+02
4.550000000000000000e+02
3.650000000000000000e+02
4.250000000000000000e+02
3.750000000000000000e+02
2.000000000000000000e+02
3.500000000000000000e+02
2.850000000000000000e+02
1.350000000000000000e+02
4.750000000000000000e+02
1.800000000000000000e+02
4.000000000000000000e+01
1.500000000000000000e+02
3.650000000000000000e+02
3.700000000000000000e+02
4.250000000000000000e+02
3.950000000000000000e+02
2.650000000000000000e+02
3.500000000000000000e+02
6.000000000000000000e+01
3.000000000000000000e+01
3.650000000000000000e+02
3.250000000000000000e+02
1.500000000000000000e+02
3.200000000000000000e+02
2.800000000000000000e+02
2.350000000000000000e+02
3.100000000000000000e+02
3.250000000000000000e+02
3.450000000000000000e+02
4.900000000000000000e+02
3.950000000000000000e+02
2.150000000000000000e+02
3.200000000000000000e+02
4.350000000000000000e+02
4.800000000000000000e+02
2.900000000000000000e+02
4.250000000000000000e+02
1.250000000000000000e+02
1.750000000000000000e+02
2.700000000000000000e+02
3.150000000000000000e+02
4.450000000000000000e+02
2.600000000000000000e+02
1.450000000000000000e+02
3.100000000000000000e+02
4.900000000000000000e+02
3.000000000000000000e+02
2.100000000000000000e+02
2.600000000000000000e+02
3.750000000000000000e+02
1.950000000000000000e+02
3.200000000000000000e+02
1.800000000000000000e+02
4.050000000000000000e+02
3.900000000000000000e+02
3.750000000000000000e+02
3.150000000000000000e+02
4.100000000000000000e+02
4.600000000000000000e+02
3.500000000000000000e+02
2.150000000000000000e+02
4.500000000000000000e+01
2.850000000000000000e+02
4.400000000000000000e+02
2.000000000000000000e+02
3.700000000000000000e+02
2.500000000000000000e+02
4.950000000000000000e+02
3.350000000000000000e+02
3.000000000000000000e+02
3.100000000000000000e+02
3.900000000000000000e+02
1.950000000000000000e+02
2.700000000000000000e+02
4.100000000000000000e+02
3.700000000000000000e+02
2.900000000000000000e+02
4.450000000000000000e+02
4.800000000000000000e+02
3.200000000000000000e+02
2.850000000000000000e+02
3.950000000000000000e+02
4.200000000000000000e+02
3.600000000000000000e+02
3.550000000000000000e+02
3.400000000000000000e+02
4.650000000000000000e+02
3.300000000000000000e+02
2.700000000000000000e+02
2.800000000000000000e+02
3.600000000000000000e+02
1.300000000000000000e+02
4.250000000000000000e+02
3.300000000000000000e+02
2.150000000000000000e+02
2.450000000000000000e+02
2.500000000000000000e+02
2.900000000000000000e+02
4.000000000000000000e+02
3.950000000000000000e+02
3.150000000000000000e+02
2.500000000000000000e+02
2.750000000000000000e+02
1.450000000000000000e+02
3.950000000000000000e+02
3.600000000000000000e+02
3.800000000000000000e+02
4.100000000000000000e+02
-3.050000000000000000e+02
2.450000000000000000e+02
3.450000000000000000e+02
1.850000000000000000e+02
1.600000000000000000e+02
3.250000000000000000e+02
3.950000000000000000e+02
3.600000000000000000e+02
3.600000000000000000e+02
3.100000000000000000e+02
3.300000000000000000e+02
2.500000000000000000e+02
2.500000000000000000e+02
2.850000000000000000e+02
2.150000000000000000e+02
4.150000000000000000e+02
9.000000000000000000e+01
2.350000000000000000e+02
3.200000000000000000e+02
2.950000000000000000e+02
3.450000000000000000e+02
2.950000000000000000e+02
4.300000000000000000e+02
4.800000000000000000e+02
4.300000000000000000e+02
3.650000000000000000e+02
1.600000000000000000e+02
4.250000000000000000e+02
3.400000000000000000e+02
3.100000000000000000e+02
3.800000000000000000e+02
3.350000000000000000e+02
4.100000000000000000e+02
1.800000000000000000e+02
3.300000000000000000e+02
3.600000000000000000e+02
1.900000000000000000e+02
4.200000000000000000e+02
3.550000000000000000e+02
3.200000000000000000e+02
2.400000000000000000e+02
3.300000000000000000e+02
3.250000000000000000e+02
2.650000000000000000e+02
3.350000000000000000e+02
2.050000000000000000e+02
4.050000000000000000e+02
2.500000000000000000e+02
2.950000000000000000e+02
4.250000000000000000e+02
3.650000000000000000e+02
3.650000000000000000e+02
3.600000000000000000e+02
2.450000000000000000e+02
3.950000000000000000e+02
3.650000000000000000e+02
3.200000000000000000e+02
3.700000000000000000e+02
3.350000000000000000e+02
3.000000000000000000e+02
3.850000000000000000e+02
3.700000000000000000e+02
3.150000000000000000e+02
4.200000000000000000e+02
4.100000000000000000e+02
3.150000000000000000e+02
3.000000000000000000e+02
4.300000000000000000e+02
3.650000000000000000e+02
3.900000000000000000e+02
1.900000000000000000e+02
2.850000000000000000e+02
3.300000000000000000e+02
4.000000000000000000e+02
3.550000000000000000e+02
3.500000000000000000e+02
3.600000000000000000e+02
2.250000000000000000e+02
3.250000000000000000e+02
1.750000000000000000e+02
3.600000000000000000e+02
2.350000000000000000e+02
4.350000000000000000e+02
3.900000000000000000e+02
3.550000000000000000e+02
4.500000000000000000e+02
3.150000000000000000e+02
2.950000000000000000e+02
1.700000000000000000e+02
1.250000000000000000e+02
3.600000000000000000e+02
3.100000000000000000e+02
4.600000000000000000e+02
4.550000000000000000e+02
3.750000000000000000e+02
2.450000000000000000e+02
4.750000000000000000e+02
3.900000000000000000e+02
8.000000000000000000e+01
2.000000000000000000e+02
4.100000000000000000e+02
3.200000000000000000e+02
1.550000000000000000e+02
4.150000000000000000e+02
3.350000000000000000e+02
2.700000000000000000e+02
2.850000000000000000e+02
2.450000000000000000e+02
3.550000000000000000e+02
3.900000000000000000e+02
3.300000000000000000e+02
2.250000000000000000e+02
2.800000000000000000e+02
3.250000000000000000e+02
4.350000000000000000e+02
3.400000000000000000e+02
2.900000000000000000e+02
3.100000000000000000e+02
2.250000000000000000e+02
1.750000000000000000e+02
4.450000000000000000e+02
3.400000000000000000e+02
3.450000000000000000e+02
3.750000000000000000e+02
4.100000000000000000e+02
5.100000000000000000e+02
3.550000000000000000e+02
3.100000000000000000e+02
4.450000000000000000e+02
3.200000000000000000e+02
4.150000000000000000e+02
2.100000000000000000e+02
2.300000000000000000e+02
3.550000000000000000e+02
4.650000000000000000e+02
2.200000000000000000e+02
4.400000000000000000e+02
3.900000000000000000e+02
1.950000000000000000e+02
2.900000000000000000e+02
3.650000000000000000e+02
3.100000000000000000e+02
3.700000000000000000e+02
4.150000000000000000e+02
3.750000000000000000e+02
2.700000000000000000e+02
3.000000000000000000e+02
6.000000000000000000e+01
3.550000000000000000e+02
3.350000000000000000e+02
3.800000000000000000e+02
2.800000000000000000e+02
4.650000000000000000e+02
2.350000000000000000e+02
3.000000000000000000e+02
2.450000000000000000e+02
2.200000000000000000e+02
3.350000000000000000e+02
4.350000000000000000e+02
3.800000000000000000e+02
4.250000000000000000e+02
2.200000000000000000e+02
4.550000000000000000e+02
2.000000000000000000e+02
4.450000000000000000e+02
3.750000000000000000e+02
2.150000000000000000e+02
4.900000000000000000e+02
4.350000000000000000e+02
4.100000000000000000e+02
3.150000000000000000e+02
4.300000000000000000e+02
3.550000000000000000e+02
3.350000000000000000e+02
3.150000000000000000e+02
4.750000000000000000e+02
2.700000000000000000e+02
4.600000000000000000e+02
2.450000000000000000e+02
2.900000000000000000e+02
3.850000000000000000e+02
2.450000000000000000e+02
3.200000000000000000e+02
2.950000000000000000e+02
3.950000000000000000e+02
3.400000000000000000e+02
4.400000000000000000e+02
3.250000000000000000e+02
4.450000000000000000e+02
1.950000000000000000e+02
3.400000000000000000e+02
4.000000000000000000e+02
2.800000000000000000e+02
2.900000000000000000e+02
3.800000000000000000e+02
3.150000000000000000e+02
1.100000000000000000e+02
4.300000000000000000e+02
3.950000000000000000e+02
2.200000000000000000e+02
3.300000000000000000e+02
3.700000000000000000e+02
3.700000000000000000e+02
3.650000000000000000e+02
4.850000000000000000e+02
2.650000000000000000e+02
4.350000000000000000e+02
3.800000000000000000e+02
4.700000000000000000e+02
3.800000000000000000e+02
3.650000000000000000e+02
4.550000000000000000e+02
4.950000000000000000e+02
2.050000000000000000e+02
3.900000000000000000e+02
2.950000000000000000e+02
4.700000000000000000e+02
2.600000000000000000e+02
4.100000000000000000e+02
3.800000000000000000e+02
3.000000000000000000e+02
3.050000000000000000e+02
2.700000000000000000e+02
3.500000000000000000e+02
2.600000000000000000e+02
2.350000000000000000e+02
3.950000000000000000e+02
3.750000000000000000e+02
3.700000000000000000e+02
3.300000000000000000e+02
1.900000000000000000e+02
3.200000000000000000e+02
4.200000000000000000e+02
3.800000000000000000e+02
3.100000000000000000e+02
3.700000000000000000e+02
2.200000000000000000e+02
3.950000000000000000e+02
3.100000000000000000e+02
3.550000000000000000e+02
3.150000000000000000e+02
4.400000000000000000e+02
3.050000000000000000e+02
2.950000000000000000e+02
4.300000000000000000e+02
2.600000000000000000e+02
4.750000000000000000e+02
3.100000000000000000e+02
4.400000000000000000e+02
3.100000000000000000e+02
3.100000000000000000e+02
4.150000000000000000e+02
3.500000000000000000e+02
1.300000000000000000e+02
3.850000000000000000e+02
2.950000000000000000e+02
3.250000000000000000e+02
2.450000000000000000e+02
3.400000000000000000e+02
3.400000000000000000e+02
4.000000000000000000e+02
2.750000000000000000e+02
1.350000000000000000e+02
3.400000000000000000e+02
2.700000000000000000e+02
4.100000000000000000e+02
3.500000000000000000e+02
3.600000000000000000e+02
4.600000000000000000e+02
3.950000000000000000e+02
2.500000000000000000e+02
3.550000000000000000e+02
4.550000000000000000e+02
2.850000000000000000e+02
5.200000000000000000e+02
4.500000000000000000e+02
4.700000000000000000e+02
3.000000000000000000e+02
4.050000000000000000e+02
3.600000000000000000e+02
3.250000000000000000e+02
3.750000000000000000e+02
4.450000000000000000e+02
4.100000000000000000e+02
4.300000000000000000e+02
4.100000000000000000e+02
3.600000000000000000e+02
4.450000000000000000e+02
5.150000000000000000e+02
1.600000000000000000e+02
2.350000000000000000e+02
3.450000000000000000e+02
3.150000000000000000e+02
3.250000000000000000e+02
3.300000000000000000e+02
1.600000000000000000e+02
4.150000000000000000e+02
3.350000000000000000e+02
4.200000000000000000e+02
4.650000000000000000e+02
4.400000000000000000e+02
4.350000000000000000e+02
4.100000000000000000e+02
3.150000000000000000e+02
3.900000000000000000e+02
4.350000000000000000e+02
1.200000000000000000e+02
3.850000000000000000e+02
2.950000000000000000e+02
4.250000000000000000e+02
5.300000000000000000e+02
3.350000000000000000e+02
4.000000000000000000e+02
3.000000000000000000e+02
3.250000000000000000e+02
3.050000000000000000e+02
4.400000000000000000e+02
4.600000000000000000e+02
3.750000000000000000e+02
3.550000000000000000e+02
2.850000000000000000e+02
2.650000000000000000e+02
5.150000000000000000e+02
4.700000000000000000e+02
3.650000000000000000e+02
3.400000000000000000e+02
3.050000000000000000e+02
3.200000000000000000e+02
3.500000000000000000e+02
3.650000000000000000e+02
4.850000000000000000e+02
3.900000000000000000e+02
4.250000000000000000e+02
4.050000000000000000e+02
4.000000000000000000e+02
3.850000000000000000e+02
4.400000000000000000e+02
3.750000000000000000e+02
4.250000000000000000e+02
3.100000000000000000e+02
3.600000000000000000e+02
4.450000000000000000e+02
1.300000000000000000e+02
4.200000000000000000e+02
3.400000000000000000e+02
4.700000000000000000e+02
3.700000000000000000e+02
3.350000000000000000e+02
4.600000000000000000e+02
3.800000000000000000e+02
3.750000000000000000e+02
3.300000000000000000e+02
3.900000000000000000e+02
3.750000000000000000e+02
4.400000000000000000e+02
3.800000000000000000e+02
2.050000000000000000e+02
4.050000000000000000e+02
3.750000000000000000e+02
2.050000000000000000e+02
3.500000000000000000e+02
2.850000000000000000e+02
3.150000000000000000e+02
4.150000000000000000e+02
3.750000000000000000e+02
2.450000000000000000e+02
5.200000000000000000e+02
4.600000000000000000e+02
4.350000000000000000e+02
2.000000000000000000e+02
3.950000000000000000e+02
2.950000000000000000e+02
3.200000000000000000e+02
3.900000000000000000e+02
3.750000000000000000e+02
3.150000000000000000e+02
5.050000000000000000e+02
2.900000000000000000e+02
3.650000000000000000e+02
3.700000000000000000e+02
4.300000000000000000e+02
2.700000000000000000e+02
3.000000000000000000e+02
4.850000000000000000e+02
4.250000000000000000e+02
3.800000000000000000e+02
4.200000000000000000e+02
2.800000000000000000e+02
2.650000000000000000e+02
4.250000000000000000e+02
3.800000000000000000e+02
2.000000000000000000e+02
4.150000000000000000e+02
4.150000000000000000e+02
3.300000000000000000e+02
3.000000000000000000e+02
4.150000000000000000e+02
5.000000000000000000e+02
3.150000000000000000e+02
4.250000000000000000e+02
4.750000000000000000e+02
1.600000000000000000e+02
4.800000000000000000e+02
3.100000000000000000e+02
3.750000000000000000e+02
3.750000000000000000e+02
4.500000000000000000e+02
4.200000000000000000e+02
3.650000000000000000e+02
2.750000000000000000e+02
4.150000000000000000e+02
3.900000000000000000e+02
3.850000000000000000e+02
4.550000000000000000e+02
3.800000000000000000e+02
5.050000000000000000e+02
3.750000000000000000e+02
4.000000000000000000e+02
3.400000000000000000e+02
4.250000000000000000e+02
3.400000000000000000e+02
4.150000000000000000e+02
4.100000000000000000e+02
3.450000000000000000e+02
3.450000000000000000e+02
3.250000000000000000e+02
3.650000000000000000e+02
3.250000000000000000e+02
4.850000000000000000e+02
4.050000000000000000e+02
2.900000000000000000e+02
2.900000000000000000e+02
4.150000000000000000e+02
3.850000000000000000e+02
3.200000000000000000e+02
3.600000000000000000e+02
3.150000000000000000e+02
3.850000000000000000e+02
4.700000000000000000e+02
3.450000000000000000e+02
3.650000000000000000e+02
3.400000000000000000e+02
2.200000000000000000e+02
3.400000000000000000e+02
3.800000000000000000e+02
4.200000000000000000e+02
4.700000000000000000e+02
4.200000000000000000e+02
1.700000000000000000e+02
4.050000000000000000e+02
2.550000000000000000e+02
1.800000000000000000e+02
2.750000000000000000e+02
3.900000000000000000e+02
2.600000000000000000e+02
3.500000000000000000e+02
2.700000000000000000e+02
2.350000000000000000e+02
2.750000000000000000e+02
4.400000000000000000e+02
2.800000000000000000e+02
3.850000000000000000e+02
3.050000000000000000e+02
5.350000000000000000e+02
4.700000000000000000e+02
3.950000000000000000e+02
4.950000000000000000e+02
4.200000000000000000e+02
5.000000000000000000e+01
3.150000000000000000e+02
4.850000000000000000e+02
3.000000000000000000e+02
4.850000000000000000e+02
4.350000000000000000e+02
3.200000000000000000e+02
4.800000000000000000e+02
2.800000000000000000e+02
1.450000000000000000e+02
3.850000000000000000e+02
3.550000000000000000e+02
5.200000000000000000e+02
3.550000000000000000e+02
4.500000000000000000e+02
3.800000000000000000e+02
3.150000000000000000e+02
3.900000000000000000e+02
4.400000000000000000e+02
2.500000000000000000e+02
2.700000000000000000e+02
4.450000000000000000e+02
4.450000000000000000e+02
2.350000000000000000e+02
3.500000000000000000e+02
3.900000000000000000e+02
3.500000000000000000e+02
2.050000000000000000e+02
3.950000000000000000e+02
3.450000000000000000e+02
3.350000000000000000e+02
3.450000000000000000e+02
3.700000000000000000e+02
4.150000000000000000e+02
4.900000000000000000e+02
3.900000000000000000e+02
3.700000000000000000e+02
3.000000000000000000e+02
4.800000000000000000e+02
3.850000000000000000e+02
3.600000000000000000e+02
2.750000000000000000e+02
4.400000000000000000e+02
4.100000000000000000e+02
4.450000000000000000e+02
2.900000000000000000e+02
3.300000000000000000e+02
4.850000000000000000e+02
4.350000000000000000e+02
4.700000000000000000e+02
4.800000000000000000e+02
4.700000000000000000e+02
4.700000000000000000e+02
4.000000000000000000e+02
4.800000000000000000e+02
4.150000000000000000e+02
3.850000000000000000e+02
3.800000000000000000e+02
4.700000000000000000e+02
4.400000000000000000e+02
3.850000000000000000e+02
3.950000000000000000e+02
4.850000000000000000e+02
3.900000000000000000e+02
4.700000000000000000e+02
2.800000000000000000e+02
3.200000000000000000e+02
4.800000000000000000e+02
2.900000000000000000e+02
2.950000000000000000e+02
4.600000000000000000e+02
3.600000000000000000e+02
4.150000000000000000e+02
2.650000000000000000e+02
4.700000000000000000e+02
5.000000000000000000e+02
4.900000000000000000e+02
3.650000000000000000e+02
3.850000000000000000e+02
1.650000000000000000e+02
2.850000000000000000e+02
4.600000000000000000e+02
5.000000000000000000e+02
3.250000000000000000e+02
4.600000000000000000e+02
3.100000000000000000e+02
3.400000000000000000e+02
4.650000000000000000e+02
2.800000000000000000e+02
4.400000000000000000e+02
4.000000000000000000e+02
4.250000000000000000e+02
3.450000000000000000e+02
3.600000000000000000e+02
4.450000000000000000e+02
3.400000000000000000e+02
5.150000000000000000e+02
2.700000000000000000e+02
3.750000000000000000e+02
3.350000000000000000e+02
4.050000000000000000e+02
4.600000000000000000e+02
3.950000000000000000e+02
4.550000000000000000e+02
3.050000000000000000e+02
4.300000000000000000e+02
3.650000000000000000e+02
5.050000000000000000e+02
3.750000000000000000e+02
2.350000000000000000e+02
4.300000000000000000e+02
3.450000000000000000e+02
4.600000000000000000e+02
3.900000000000000000e+02
4.300000000000000000e+02
5.050000000000000000e+02
2.450000000000000000e+02
3.700000000000000000e+02
3.350000000000000000e+02
2.500000000000000000e+02
3.100000000000000000e+02
3.800000000000000000e+02
5.400000000000000000e+02
2.450000000000000000e+02
4.500000000000000000e+02
4.250000000000000000e+02
3.200000000000000000e+02
2.400000000000000000e+02
2.950000000000000000e+02
4.100000000000000000e+02
3.200000000000000000e+02
2.750000000000000000e+02
5.000000000000000000e+02
3.300000000000000000e+02
3.500000000000000000e+02
4.050000000000000000e+02
4.650000000000000000e+02
4.150000000000000000e+02
4.000000000000000000e+02
5.150000000000000000e+02
4.300000000000000000e+02
3.400000000000000000e+02
4.650000000000000000e+02
4.350000000000000000e+02
3.150000000000000000e+02
4.350000000000000000e+02
4.250000000000000000e+02
4.850000000000000000e+02
3.900000000000000000e+02
3.650000000000000000e+02
4.700000000000000000e+02
3.800000000000000000e+02
2.250000000000000000e+02
4.700000000000000000e+02
2.000000000000000000e+02
3.300000000000000000e+02
3.950000000000000000e+02
4.500000000000000000e+02
4.600000000000000000e+02
3.550000000000000000e+02
3.550000000000000000e+02
3.650000000000000000e+02
4.550000000000000000e+02
4.500000000000000000e+02
6.000000000000000000e+01
5.050000000000000000e+02
3.750000000000000000e+02
4.850000000000000000e+02
3.700000000000000000e+02
4.100000000000000000e+02
3.800000000000000000e+02
3.700000000000000000e+02
4.200000000000000000e+02
4.050000000000000000e+02
3.600000000000000000e+02
3.300000000000000000e+02
3.850000000000000000e+02
3.900000000000000000e+02
3.950000000000000000e+02
4.150000000000000000e+02
3.500000000000000000e+02
4.250000000000000000e+02
4.900000000000000000e+02
3.850000000000000000e+02
4.450000000000000000e+02
4.450000000000000000e+02
3.250000000000000000e+02
3.750000000000000000e+02
3.100000000000000000e+02
4.000000000000000000e+02
2.000000000000000000e+02
2.300000000000000000e+02
4.650000000000000000e+02
4.350000000000000000e+02
5.550000000000000000e+02
4.150000000000000000e+02
5.100000000000000000e+02
2.950000000000000000e+02
3.300000000000000000e+02
3.750000000000000000e+02
4.350000000000000000e+02
4.200000000000000000e+02
4.050000000000000000e+02
4.250000000000000000e+02
3.700000000000000000e+02
5.200000000000000000e+02
4.650000000000000000e+02
4.050000000000000000e+02
4.600000000000000000e+02
3.050000000000000000e+02
5.000000000000000000e+02
5.150000000000000000e+02
4.200000000000000000e+02
1.750000000000000000e+02
3.450000000000000000e+02
1.750000000000000000e+02
3.550000000000000000e+02
5.000000000000000000e+00
4.850000000000000000e+02
3.850000000000000000e+02
3.750000000000000000e+02
3.300000000000000000e+02
2.150000000000000000e+02
3.450000000000000000e+02
2.900000000000000000e+02
4.300000000000000000e+02
3.200000000000000000e+02
3.950000000000000000e+02
4.500000000000000000e+02
2.650000000000000000e+02
4.100000000000000000e+02
3.550000000000000000e+02
3.950000000000000000e+02
2.700000000000000000e+02
4.200000000000000000e+02
5.200000000000000000e+02
2.950000000000000000e+02
3.900000000000000000e+02
3.950000000000000000e+02
4.200000000000000000e+02
4.200000000000000000e+02
4.500000000000000000e+02
4.250000000000000000e+02
4.600000000000000000e+02
3.550000000000000000e+02
