-5.000000000000000000e+02
-5.008139534883720785e+02
-5.014772727272727479e+02
-5.005617977528090137e+02
-4.968681318681318544e+02
-5.010752688172042895e+02
-5.006914893617021107e+02
-5.056250000000000000e+02
-5.039285714285714448e+02
-5.025757575757575637e+02
-4.821999999999999886e+02
-4.771999999999999886e+02
-4.843500000000000227e+02
-4.841000000000000227e+02
-4.851499999999999773e+02
-4.886499999999999773e+02
-4.956499999999999773e+02
-4.943000000000000114e+02
-4.898999999999999773e+02
-4.937500000000000000e+02
-4.928500000000000227e+02
-4.922500000000000000e+02
-4.847500000000000000e+02
-4.896999999999999886e+02
-4.881999999999999886e+02
-4.891999999999999886e+02
-4.841499999999999773e+02
-4.840500000000000114e+02
-4.800500000000000114e+02
-4.888000000000000114e+02
-4.753500000000000227e+02
-4.818500000000000227e+02
-4.818500000000000227e+02
-4.812500000000000000e+02
-4.781999999999999886e+02
-4.703000000000000114e+02
-4.721999999999999886e+02
-4.778000000000000114e+02
-4.783500000000000227e+02
-4.785500000000000114e+02
-4.843000000000000114e+02
-4.748000000000000114e+02
-4.706499999999999773e+02
-4.609499999999999886e+02
-4.656999999999999886e+02
-4.641000000000000227e+02
-4.696000000000000227e+02
-4.582500000000000000e+02
-4.569499999999999886e+02
-4.412500000000000000e+02
-4.435000000000000000e+02
-4.409499999999999886e+02
-4.313999999999999773e+02
-4.188500000000000227e+02
-4.177500000000000000e+02
-4.158000000000000114e+02
-4.193999999999999773e+02
-4.206000000000000227e+02
-4.213000000000000114e+02
-4.258500000000000227e+02
-4.294499999999999886e+02
-4.306999999999999886e+02
-4.296499999999999773e+02
-4.282500000000000000e+02
-4.266999999999999886e+02
-4.162500000000000000e+02
-4.155000000000000000e+02
-4.093500000000000227e+02
-4.085000000000000000e+02
-4.119499999999999886e+02
-4.083000000000000114e+02
-4.058999999999999773e+02
-3.985000000000000000e+02
-3.986000000000000227e+02
-3.965500000000000114e+02
-3.941000000000000227e+02
-3.878000000000000114e+02
-3.886999999999999886e+02
-3.898500000000000227e+02
-3.861499999999999773e+02
-3.838500000000000227e+02
-3.886000000000000227e+02
-3.891499999999999773e+02
-3.896999999999999886e+02
-3.908500000000000227e+02
-3.932500000000000000e+02
-3.961999999999999886e+02
-3.967500000000000000e+02
-4.023999999999999773e+02
-4.073500000000000227e+02
-4.020000000000000000e+02
-3.966499999999999773e+02
-3.970000000000000000e+02
-4.012500000000000000e+02
-4.017500000000000000e+02
-4.008500000000000227e+02
-3.986499999999999773e+02
-3.868000000000000114e+02
-3.888999999999999773e+02
-3.861999999999999886e+02
-3.912500000000000000e+02
-3.938000000000000114e+02
-4.003000000000000114e+02
-4.006000000000000227e+02
-3.981000000000000227e+02
-3.916000000000000227e+02
-3.790500000000000114e+02
-3.845500000000000114e+02
-3.848500000000000227e+02
-3.877500000000000000e+02
-3.843500000000000227e+02
-3.843500000000000227e+02
-3.851499999999999773e+02
-3.893000000000000114e+02
-3.983000000000000114e+02
-3.966000000000000227e+02
-3.930500000000000114e+02
-3.850000000000000000e+02
-3.864499999999999886e+02
-3.841999999999999886e+02
-3.784499999999999886e+02
-3.736000000000000227e+02
-3.732500000000000000e+02
-3.751000000000000227e+02
-3.768500000000000227e+02
-3.775000000000000000e+02
-3.807500000000000000e+02
-3.756499999999999773e+02
-3.750000000000000000e+02
-3.682500000000000000e+02
-3.776499999999999773e+02
-3.746999999999999886e+02
-3.728500000000000227e+02
-3.708500000000000227e+02
-3.769499999999999886e+02
-3.778500000000000227e+02
-3.811499999999999773e+02
-3.808999999999999773e+02
-3.842500000000000000e+02
-3.920500000000000114e+02
-3.921000000000000227e+02
-3.883999999999999773e+02
-3.858999999999999773e+02
-3.856000000000000227e+02
-3.776499999999999773e+02
-3.783000000000000114e+02
-3.772500000000000000e+02
-3.767500000000000000e+02
-3.717500000000000000e+02
-3.678500000000000227e+02
-3.668000000000000114e+02
-3.633000000000000114e+02
-3.640500000000000114e+02
-3.555000000000000000e+02
-3.532500000000000000e+02
-3.544499999999999886e+02
-3.596000000000000227e+02
-3.602500000000000000e+02
-3.571999999999999886e+02
-3.578999999999999773e+02
-3.501000000000000227e+02
-3.453999999999999773e+02
-3.388500000000000227e+02
-3.396499999999999773e+02
-3.406999999999999886e+02
-3.485500000000000114e+02
-3.473000000000000114e+02
-3.416999999999999886e+02
-3.407500000000000000e+02
-3.304499999999999886e+02
-3.305000000000000000e+02
-3.338500000000000227e+02
-3.331999999999999886e+02
-3.300500000000000114e+02
-3.197500000000000000e+02
-3.256000000000000227e+02
-3.250000000000000000e+02
-3.235000000000000000e+02
-3.252500000000000000e+02
-3.241499999999999773e+02
-3.253999999999999773e+02
-3.268000000000000114e+02
-3.245000000000000000e+02
-3.211499999999999773e+02
-3.218000000000000114e+02
-3.221000000000000227e+02
-3.192500000000000000e+02
-3.238000000000000114e+02
-3.236999999999999886e+02
-3.273000000000000114e+02
-3.198500000000000227e+02
-3.219499999999999886e+02
-3.238000000000000114e+02
-3.227500000000000000e+02
-3.171000000000000227e+02
-3.129499999999999886e+02
-3.137500000000000000e+02
-3.086499999999999773e+02
-3.085000000000000000e+02
-3.100500000000000114e+02
-3.000500000000000114e+02
-2.973500000000000227e+02
-2.971499999999999773e+02
-2.946499999999999773e+02
-2.982500000000000000e+02
-2.918000000000000114e+02
-2.896499999999999773e+02
-2.921999999999999886e+02
-2.933500000000000227e+02
-2.890000000000000000e+02
-2.888500000000000227e+02
-2.881000000000000227e+02
-2.849499999999999886e+02
-2.888500000000000227e+02
-2.873000000000000114e+02
-2.885500000000000114e+02
-2.880500000000000114e+02
-2.868500000000000227e+02
-2.848500000000000227e+02
-2.843000000000000114e+02
-2.833000000000000114e+02
-2.893500000000000227e+02
-2.883999999999999773e+02
-2.883000000000000114e+02
-2.846000000000000227e+02
-2.801999999999999886e+02
-2.775500000000000114e+02
-2.745000000000000000e+02
-2.744499999999999886e+02
-2.776000000000000227e+02
-2.778500000000000227e+02
-2.773000000000000114e+02
-2.748500000000000227e+02
-2.749499999999999886e+02
-2.741000000000000227e+02
-2.709499999999999886e+02
-2.731000000000000227e+02
-2.723500000000000227e+02
-2.720500000000000114e+02
-2.673000000000000114e+02
-2.676000000000000227e+02
-2.678500000000000227e+02
-2.654499999999999886e+02
-2.663999999999999773e+02
-2.650500000000000114e+02
-2.636999999999999886e+02
-2.646000000000000227e+02
-2.654499999999999886e+02
-2.613000000000000114e+02
-2.596000000000000227e+02
-2.591999999999999886e+02
-2.579499999999999886e+02
-2.591999999999999886e+02
-2.605000000000000000e+02
-2.570500000000000114e+02
-2.571000000000000227e+02
-2.546500000000000057e+02
-2.545999999999999943e+02
-2.523000000000000114e+02
-2.510000000000000000e+02
-2.511999999999999886e+02
-2.500000000000000000e+02
-2.516999999999999886e+02
-2.499000000000000057e+02
-2.470500000000000114e+02
-2.466999999999999886e+02
-2.460999999999999943e+02
-2.427500000000000000e+02
-2.425000000000000000e+02
-2.465999999999999943e+02
-2.465000000000000000e+02
-2.465500000000000114e+02
-2.457500000000000000e+02
-2.438000000000000114e+02
-2.436500000000000057e+02
-2.397500000000000000e+02
-2.350000000000000000e+02
-2.367500000000000000e+02
-2.379499999999999886e+02
-2.350500000000000114e+02
-2.323000000000000114e+02
-2.345000000000000000e+02
-2.369000000000000057e+02
-2.366500000000000057e+02
-2.346500000000000057e+02
-2.316999999999999886e+02
-2.328000000000000114e+02
-2.389499999999999886e+02
-2.365000000000000000e+02
-2.341500000000000057e+02
-2.296999999999999886e+02
-2.276999999999999886e+02
-2.300000000000000000e+02
-2.313499999999999943e+02
-2.295500000000000114e+02
-2.275999999999999943e+02
-2.218499999999999943e+02
-2.226999999999999886e+02
-2.218000000000000114e+02
-2.254499999999999886e+02
-2.237500000000000000e+02
-2.214499999999999886e+02
-2.198000000000000114e+02
-2.146500000000000057e+02
-2.163499999999999943e+02
-2.151500000000000057e+02
-2.144000000000000057e+02
-2.125500000000000114e+02
-2.115999999999999943e+02
-2.080999999999999943e+02
-2.080500000000000114e+02
-2.250000000000000000e+02
-2.246999999999999886e+02
-2.246500000000000057e+02
-2.265500000000000114e+02
-2.250000000000000000e+02
-2.246500000000000057e+02
-2.240000000000000000e+02
-2.253000000000000114e+02
-2.204000000000000057e+02
-2.180999999999999943e+02
-2.199000000000000057e+02
-2.195999999999999943e+02
-2.219000000000000057e+02
-2.251999999999999886e+02
-2.239499999999999886e+02
-2.207500000000000000e+02
-2.184000000000000057e+02
-2.167500000000000000e+02
-2.148000000000000114e+02
-2.130500000000000114e+02
-2.133499999999999943e+02
-2.117500000000000000e+02
-2.119000000000000057e+02
-2.102500000000000000e+02
-2.104000000000000057e+02
-2.095500000000000114e+02
-2.081999999999999886e+02
-2.051999999999999886e+02
-2.078000000000000114e+02
-2.104000000000000057e+02
-2.070000000000000000e+02
-2.059000000000000057e+02
-2.047500000000000000e+02
-2.033000000000000114e+02
-2.055999999999999943e+02
-2.056999999999999886e+02
-2.020000000000000000e+02
-2.033000000000000114e+02
-2.008000000000000114e+02
-2.025000000000000000e+02
-2.015500000000000114e+02
-1.994000000000000057e+02
-2.014000000000000057e+02
-2.061500000000000057e+02
-2.055999999999999943e+02
-2.035999999999999943e+02
-2.025000000000000000e+02
-2.003000000000000114e+02
-1.999000000000000057e+02
-2.006999999999999886e+02
-2.023499999999999943e+02
-2.023000000000000114e+02
-2.027500000000000000e+02
-2.022500000000000000e+02
-2.024000000000000057e+02
-2.017500000000000000e+02
-2.000999999999999943e+02
-2.018499999999999943e+02
-2.053000000000000114e+02
-2.065000000000000000e+02
-1.890999999999999943e+02
-1.871999999999999886e+02
-1.839000000000000057e+02
-1.818000000000000114e+02
-1.826500000000000057e+02
-1.838499999999999943e+02
-1.875000000000000000e+02
-1.865999999999999943e+02
-1.890999999999999943e+02
-1.905500000000000114e+02
-1.903499999999999943e+02
-1.858000000000000114e+02
-1.831500000000000057e+02
-1.825000000000000000e+02
-1.838000000000000114e+02
-1.825500000000000114e+02
-1.815000000000000000e+02
-1.819499999999999886e+02
-1.836500000000000057e+02
-1.833499999999999943e+02
-1.846999999999999886e+02
-1.843000000000000114e+02
-1.820999999999999943e+02
-1.835500000000000114e+02
-1.833000000000000114e+02
-1.845000000000000000e+02
-1.850999999999999943e+02
-1.900999999999999943e+02
-1.883000000000000114e+02
-1.852500000000000000e+02
-1.824000000000000057e+02
-1.820000000000000000e+02
-1.840999999999999943e+02
-1.850999999999999943e+02
-1.802500000000000000e+02
-1.794000000000000057e+02
-1.766999999999999886e+02
-1.742500000000000000e+02
-1.782500000000000000e+02
-1.809000000000000057e+02
-1.788499999999999943e+02
-1.790999999999999943e+02
-1.777500000000000000e+02
-1.735000000000000000e+02
-1.708000000000000114e+02
-1.751999999999999886e+02
-1.755999999999999943e+02
-1.749499999999999886e+02
-1.746500000000000057e+02
-1.759000000000000057e+02
-1.740999999999999943e+02
-1.732500000000000000e+02
-1.735999999999999943e+02
-1.717500000000000000e+02
-1.709499999999999886e+02
-1.700500000000000114e+02
-1.677500000000000000e+02
-1.622500000000000000e+02
-1.606999999999999886e+02
-1.580000000000000000e+02
-1.588000000000000114e+02
-1.574000000000000057e+02
-1.593499999999999943e+02
-1.588499999999999943e+02
-1.576500000000000057e+02
-1.560999999999999943e+02
-1.554000000000000057e+02
-1.513000000000000114e+02
-1.503499999999999943e+02
-1.486500000000000057e+02
-1.479000000000000057e+02
-1.525000000000000000e+02
-1.510999999999999943e+02
-1.465500000000000114e+02
-1.449000000000000057e+02
-1.435999999999999943e+02
-1.464000000000000057e+02
-1.436500000000000057e+02
-1.408499999999999943e+02
-1.393499999999999943e+02
-1.393000000000000114e+02
-1.400500000000000114e+02
-1.410500000000000114e+02
-1.393000000000000114e+02
-1.420500000000000114e+02
-1.392500000000000000e+02
-1.368000000000000114e+02
-1.320000000000000000e+02
-1.300000000000000000e+02
-1.309000000000000057e+02
-1.283499999999999943e+02
-1.278499999999999943e+02
-1.266500000000000057e+02
-1.308499999999999943e+02
-1.321500000000000057e+02
-1.310000000000000000e+02
-1.322500000000000000e+02
-1.354000000000000057e+02
-1.315999999999999943e+02
-1.318499999999999943e+02
-1.294499999999999886e+02
-1.287500000000000000e+02
-1.284000000000000057e+02
-1.246500000000000057e+02
-1.260499999999999972e+02
-1.236500000000000057e+02
-1.242500000000000000e+02
-1.224000000000000057e+02
-1.204000000000000057e+02
-1.173499999999999943e+02
-1.149500000000000028e+02
-1.148499999999999943e+02
-1.156500000000000057e+02
-1.147999999999999972e+02
-1.157999999999999972e+02
-1.142000000000000028e+02
-1.170499999999999972e+02
-1.180999999999999943e+02
-1.175499999999999972e+02
-1.182999999999999972e+02
-1.186500000000000057e+02
-1.188499999999999943e+02
-1.158499999999999943e+02
-1.160000000000000000e+02
-1.174000000000000057e+02
-1.181500000000000057e+02
-1.186500000000000057e+02
-1.192999999999999972e+02
-1.177500000000000000e+02
-1.175999999999999943e+02
-1.165000000000000000e+02
-1.109500000000000028e+02
-1.125999999999999943e+02
-1.160999999999999943e+02
-1.155000000000000000e+02
-1.159000000000000057e+02
-1.156500000000000057e+02
-1.152999999999999972e+02
-1.168499999999999943e+02
-1.156500000000000057e+02
-1.160999999999999943e+02
-1.171500000000000057e+02
-1.174500000000000028e+02
-1.175999999999999943e+02
-1.180000000000000000e+02
-1.172500000000000000e+02
-1.182000000000000028e+02
-1.185000000000000000e+02
-1.196500000000000057e+02
-1.162999999999999972e+02
-1.172000000000000028e+02
-1.190999999999999943e+02
-1.167999999999999972e+02
-1.119500000000000028e+02
-1.112999999999999972e+02
-1.125000000000000000e+02
-1.122999999999999972e+02
-1.110000000000000000e+02
-1.131500000000000057e+02
-1.132999999999999972e+02
-1.127999999999999972e+02
-1.107500000000000000e+02
-1.122500000000000000e+02
-1.141500000000000057e+02
-1.137500000000000000e+02
-1.163499999999999943e+02
-1.149500000000000028e+02
-1.161500000000000057e+02
-1.155000000000000000e+02
-1.195000000000000000e+02
-1.218499999999999943e+02
-1.212000000000000028e+02
-1.213499999999999943e+02
-1.202999999999999972e+02
-1.200499999999999972e+02
-1.247500000000000000e+02
-1.248499999999999943e+02
-1.250000000000000000e+02
-1.245999999999999943e+02
-1.212500000000000000e+02
-1.192500000000000000e+02
-1.194000000000000057e+02
-1.202000000000000028e+02
-1.185000000000000000e+02
-1.159500000000000028e+02
-1.139000000000000057e+02
-1.132500000000000000e+02
-1.117000000000000028e+02
-1.124000000000000057e+02
-1.135499999999999972e+02
-1.166500000000000057e+02
-1.170999999999999943e+02
-1.155999999999999943e+02
-1.135000000000000000e+02
-1.155999999999999943e+02
-1.152500000000000000e+02
-1.117999999999999972e+02
-1.130999999999999943e+02
-1.146500000000000057e+02
-1.156500000000000057e+02
-1.160499999999999972e+02
-1.120499999999999972e+02
-1.114500000000000028e+02
-1.115499999999999972e+02
-1.072000000000000028e+02
-1.070999999999999943e+02
-1.086500000000000057e+02
-1.102500000000000000e+02
-1.096500000000000057e+02
-1.106500000000000057e+02
-1.125499999999999972e+02
-1.122000000000000028e+02
-1.122000000000000028e+02
-1.105999999999999943e+02
-1.101500000000000057e+02
-1.105000000000000000e+02
-1.117000000000000028e+02
-1.119000000000000057e+02
-1.117000000000000028e+02
-1.107000000000000028e+02
-1.147000000000000028e+02
-1.152500000000000000e+02
-1.154500000000000028e+02
-1.140000000000000000e+02
-1.157999999999999972e+02
-1.119500000000000028e+02
-1.107000000000000028e+02
-1.114500000000000028e+02
-1.120000000000000000e+02
-1.071500000000000057e+02
-1.062999999999999972e+02
-1.072000000000000028e+02
-1.060499999999999972e+02
-1.053499999999999943e+02
-1.066500000000000057e+02
-1.015499999999999972e+02
-1.004000000000000057e+02
-9.790000000000000568e+01
-9.795000000000000284e+01
-1.007999999999999972e+02
-1.010000000000000000e+02
-1.007000000000000028e+02
-1.004500000000000028e+02
-1.014000000000000057e+02
-1.010999999999999943e+02
-1.020499999999999972e+02
-1.019500000000000028e+02
-1.032999999999999972e+02
-1.021500000000000057e+02
-1.017999999999999972e+02
-1.003499999999999943e+02
-9.859999999999999432e+01
-1.002000000000000028e+02
-9.920000000000000284e+01
-9.820000000000000284e+01
-9.754999999999999716e+01
-1.001500000000000057e+02
-9.865000000000000568e+01
-9.429999999999999716e+01
-9.279999999999999716e+01
-9.140000000000000568e+01
-9.054999999999999716e+01
-8.854999999999999716e+01
-8.784999999999999432e+01
-9.229999999999999716e+01
-9.470000000000000284e+01
-9.140000000000000568e+01
-8.925000000000000000e+01
-9.070000000000000284e+01
-9.109999999999999432e+01
-8.825000000000000000e+01
-8.604999999999999716e+01
-8.490000000000000568e+01
-8.340000000000000568e+01
-8.384999999999999432e+01
-8.200000000000000000e+01
-8.004999999999999716e+01
-7.840000000000000568e+01
-7.815000000000000568e+01
-7.820000000000000284e+01
-7.450000000000000000e+01
-7.534999999999999432e+01
-7.440000000000000568e+01
-7.465000000000000568e+01
-7.304999999999999716e+01
-7.184999999999999432e+01
-7.109999999999999432e+01
-7.000000000000000000e+01
-6.870000000000000284e+01
-7.045000000000000284e+01
-6.959999999999999432e+01
-6.729999999999999716e+01
-6.529999999999999716e+01
-6.545000000000000284e+01
-6.495000000000000284e+01
-6.310000000000000142e+01
-6.389999999999999858e+01
-6.484999999999999432e+01
-6.250000000000000000e+01
-5.989999999999999858e+01
-5.895000000000000284e+01
-5.975000000000000000e+01
-5.900000000000000000e+01
-5.889999999999999858e+01
-5.854999999999999716e+01
-5.739999999999999858e+01
-5.835000000000000142e+01
-5.979999999999999716e+01
-5.900000000000000000e+01
-6.000000000000000000e+01
-6.070000000000000284e+01
-6.125000000000000000e+01
-6.079999999999999716e+01
-6.170000000000000284e+01
-6.000000000000000000e+01
-6.114999999999999858e+01
-6.020000000000000284e+01
-6.320000000000000284e+01
-7.234999999999999432e+01
-7.195000000000000284e+01
-7.279999999999999716e+01
-7.350000000000000000e+01
-7.350000000000000000e+01
-7.625000000000000000e+01
-7.370000000000000284e+01
-7.225000000000000000e+01
-7.065000000000000568e+01
-7.034999999999999432e+01
-6.800000000000000000e+01
-6.650000000000000000e+01
-6.820000000000000284e+01
-6.850000000000000000e+01
-7.365000000000000568e+01
-7.404999999999999716e+01
-7.515000000000000568e+01
-8.015000000000000568e+01
-7.965000000000000568e+01
-7.984999999999999432e+01
-7.820000000000000284e+01
-7.734999999999999432e+01
-7.765000000000000568e+01
-7.720000000000000284e+01
-7.579999999999999716e+01
-7.475000000000000000e+01
-7.554999999999999716e+01
-7.540000000000000568e+01
-7.640000000000000568e+01
-7.695000000000000284e+01
-7.700000000000000000e+01
-7.625000000000000000e+01
-7.645000000000000284e+01
-7.750000000000000000e+01
-7.720000000000000284e+01
-7.775000000000000000e+01
-7.779999999999999716e+01
-7.829999999999999716e+01
-7.679999999999999716e+01
-7.720000000000000284e+01
-7.770000000000000284e+01
-7.909999999999999432e+01
-8.365000000000000568e+01
-8.429999999999999716e+01
-8.395000000000000284e+01
-8.259999999999999432e+01
-8.359999999999999432e+01
-8.525000000000000000e+01
-8.409999999999999432e+01
-8.534999999999999432e+01
-8.420000000000000284e+01
-8.579999999999999716e+01
-8.845000000000000284e+01
-8.604999999999999716e+01
-1.027000000000000028e+02
-1.027999999999999972e+02
-1.030999999999999943e+02
-1.023499999999999943e+02
-1.034500000000000028e+02
-1.002000000000000028e+02
-9.425000000000000000e+01
-9.304999999999999716e+01
-9.359999999999999432e+01
-9.350000000000000000e+01
-9.345000000000000284e+01
-8.845000000000000284e+01
-8.725000000000000000e+01
-8.854999999999999716e+01
-8.925000000000000000e+01
-8.945000000000000284e+01
-8.920000000000000284e+01
-8.915000000000000568e+01
-1.040499999999999972e+02
-1.020000000000000000e+02
-9.820000000000000284e+01
-9.745000000000000284e+01
-9.565000000000000568e+01
-9.279999999999999716e+01
-9.184999999999999432e+01
-9.279999999999999716e+01
-9.504999999999999716e+01
-9.395000000000000284e+01
-9.375000000000000000e+01
-9.495000000000000284e+01
-9.729999999999999716e+01
-9.670000000000000284e+01
-9.479999999999999716e+01
-9.515000000000000568e+01
-9.395000000000000284e+01
-9.370000000000000284e+01
-9.390000000000000568e+01
-9.295000000000000284e+01
-9.550000000000000000e+01
-9.309999999999999432e+01
-9.220000000000000284e+01
-9.329999999999999716e+01
-9.234999999999999432e+01
-9.320000000000000284e+01
-9.365000000000000568e+01
-9.200000000000000000e+01
-9.284999999999999432e+01
-9.745000000000000284e+01
-9.234999999999999432e+01
-9.040000000000000568e+01
-9.190000000000000568e+01
-9.220000000000000284e+01
-9.454999999999999716e+01
-9.225000000000000000e+01
-9.090000000000000568e+01
-9.109999999999999432e+01
-9.320000000000000284e+01
-9.004999999999999716e+01
-8.650000000000000000e+01
-8.784999999999999432e+01
-7.804999999999999716e+01
-7.759999999999999432e+01
-8.045000000000000284e+01
-8.004999999999999716e+01
-7.750000000000000000e+01
-7.525000000000000000e+01
-7.645000000000000284e+01
-7.395000000000000284e+01
-7.395000000000000284e+01
-7.254999999999999716e+01
-7.375000000000000000e+01
-7.604999999999999716e+01
-7.440000000000000568e+01
-7.545000000000000284e+01
-7.459999999999999432e+01
-7.295000000000000284e+01
-7.379999999999999716e+01
-7.190000000000000568e+01
-7.115000000000000568e+01
-5.620000000000000284e+01
-5.754999999999999716e+01
-5.645000000000000284e+01
-5.745000000000000284e+01
-5.770000000000000284e+01
-5.879999999999999716e+01
-5.620000000000000284e+01
-5.545000000000000284e+01
-5.470000000000000284e+01
-5.514999999999999858e+01
-5.175000000000000000e+01
-5.079999999999999716e+01
-8.100000000000000000e+01
-8.200000000000000000e+01
-8.084999999999999432e+01
-8.120000000000000284e+01
-8.215000000000000568e+01
-8.190000000000000568e+01
-8.409999999999999432e+01
-8.234999999999999432e+01
-8.425000000000000000e+01
-8.259999999999999432e+01
-8.270000000000000284e+01
-8.440000000000000568e+01
-8.184999999999999432e+01
-8.154999999999999716e+01
-8.200000000000000000e+01
-8.025000000000000000e+01
-7.479999999999999716e+01
-7.520000000000000284e+01
-7.429999999999999716e+01
-7.329999999999999716e+01
-7.540000000000000568e+01
-7.115000000000000568e+01
-7.225000000000000000e+01
-7.365000000000000568e+01
-7.509999999999999432e+01
-7.345000000000000284e+01
-7.309999999999999432e+01
-7.050000000000000000e+01
-6.909999999999999432e+01
-6.189999999999999858e+01
-6.035000000000000142e+01
-5.650000000000000000e+01
-5.635000000000000142e+01
-5.410000000000000142e+01
-5.660000000000000142e+01
-5.460000000000000142e+01
-5.639999999999999858e+01
-5.485000000000000142e+01
-5.360000000000000142e+01
-5.145000000000000284e+01
-8.015000000000000568e+01
-8.029999999999999716e+01
-7.729999999999999716e+01
-7.675000000000000000e+01
-7.675000000000000000e+01
-7.800000000000000000e+01
-7.825000000000000000e+01
-8.020000000000000284e+01
-8.154999999999999716e+01
-8.034999999999999432e+01
-8.059999999999999432e+01
-8.645000000000000284e+01
-8.320000000000000284e+01
-8.165000000000000568e+01
-8.390000000000000568e+01
-8.070000000000000284e+01
-8.129999999999999716e+01
-8.379999999999999716e+01
-8.150000000000000000e+01
-8.034999999999999432e+01
-4.950000000000000000e+01
-4.714999999999999858e+01
-4.614999999999999858e+01
-4.554999999999999716e+01
-4.639999999999999858e+01
-4.520000000000000284e+01
-4.529999999999999716e+01
-4.404999999999999716e+01
-4.204999999999999716e+01
-4.600000000000000000e+01
-4.495000000000000284e+01
-4.289999999999999858e+01
-5.014999999999999858e+01
-4.964999999999999858e+01
-4.960000000000000142e+01
-4.985000000000000142e+01
-4.985000000000000142e+01
-7.259999999999999432e+01
-7.215000000000000568e+01
-7.170000000000000284e+01
-7.295000000000000284e+01
-7.250000000000000000e+01
-8.300000000000000000e+01
-8.259999999999999432e+01
-8.540000000000000568e+01
-8.670000000000000284e+01
-8.675000000000000000e+01
-8.765000000000000568e+01
-9.004999999999999716e+01
-8.925000000000000000e+01
-8.945000000000000284e+01
-9.079999999999999716e+01
-9.115000000000000568e+01
-9.195000000000000284e+01
-9.270000000000000284e+01
-9.329999999999999716e+01
-1.481500000000000057e+02
-1.472500000000000000e+02
-1.478499999999999943e+02
-1.471999999999999886e+02
-1.170999999999999943e+02
-1.197000000000000028e+02
-1.484499999999999886e+02
-1.471500000000000057e+02
-1.467500000000000000e+02
-1.435500000000000114e+02
-1.445500000000000114e+02
-1.469000000000000057e+02
-1.513000000000000114e+02
-1.513000000000000114e+02
-1.505000000000000000e+02
-1.419499999999999886e+02
-1.398499999999999943e+02
-1.395999999999999943e+02
-1.348499999999999943e+02
-1.360500000000000114e+02
-1.354499999999999886e+02
-1.315500000000000114e+02
-1.323499999999999943e+02
-1.345000000000000000e+02
-1.325999999999999943e+02
-1.315999999999999943e+02
-1.356999999999999886e+02
-1.904499999999999886e+02
-1.904499999999999886e+02
-1.871999999999999886e+02
-1.861999999999999886e+02
-1.876500000000000057e+02
-1.905500000000000114e+02
-1.865500000000000114e+02
-1.851999999999999886e+02
-1.855500000000000114e+02
-1.776999999999999886e+02
-1.797500000000000000e+02
-1.783000000000000114e+02
-1.880999999999999943e+02
-1.889000000000000057e+02
-1.624000000000000057e+02
-1.617500000000000000e+02
-1.601999999999999886e+02
-1.571999999999999886e+02
-1.567500000000000000e+02
-1.462500000000000000e+02
-1.443000000000000114e+02
-1.383000000000000114e+02
-1.370000000000000000e+02
-1.359000000000000057e+02
-1.346500000000000057e+02
-1.328499999999999943e+02
-1.352500000000000000e+02
-1.357500000000000000e+02
-1.343499999999999943e+02
-1.365500000000000114e+02
-1.359499999999999886e+02
-1.358000000000000114e+02
-1.333000000000000114e+02
-7.459999999999999432e+01
-7.429999999999999716e+01
-7.454999999999999716e+01
-7.475000000000000000e+01
-7.140000000000000568e+01
-7.025000000000000000e+01
-4.095000000000000284e+01
-4.204999999999999716e+01
-4.220000000000000284e+01
-4.100000000000000000e+01
-3.879999999999999716e+01
-3.525000000000000000e+01
-3.164999999999999858e+01
-3.139999999999999858e+01
-2.955000000000000071e+01
-3.285000000000000142e+01
-3.264999999999999858e+01
-3.295000000000000284e+01
-3.564999999999999858e+01
-3.370000000000000284e+01
-3.670000000000000284e+01
-4.050000000000000000e+01
-3.970000000000000284e+01
-3.650000000000000000e+01
-3.600000000000000000e+01
-3.685000000000000142e+01
-3.055000000000000071e+01
2.639999999999999858e+01
2.550000000000000000e+01
2.394999999999999929e+01
2.689999999999999858e+01
2.839999999999999858e+01
3.514999999999999858e+01
3.520000000000000284e+01
3.675000000000000000e+01
4.035000000000000142e+01
3.995000000000000284e+01
4.110000000000000142e+01
4.195000000000000284e+01
5.320000000000000284e+01
5.420000000000000284e+01
5.450000000000000000e+01
5.529999999999999716e+01
5.660000000000000142e+01
5.825000000000000000e+01
6.070000000000000284e+01
6.225000000000000000e+01
6.385000000000000142e+01
6.570000000000000284e+01
6.795000000000000284e+01
7.004999999999999716e+01
7.120000000000000284e+01
6.925000000000000000e+01
5.904999999999999716e+01
6.295000000000000284e+01
3.125000000000000000e+01
3.445000000000000284e+01
3.570000000000000284e+01
3.754999999999999716e+01
3.825000000000000000e+01
3.835000000000000142e+01
3.800000000000000000e+01
3.985000000000000142e+01
4.025000000000000000e+01
4.220000000000000284e+01
4.614999999999999858e+01
4.870000000000000284e+01
5.079999999999999716e+01
5.050000000000000000e+01
5.000000000000000000e+01
5.270000000000000284e+01
5.335000000000000142e+01
5.495000000000000284e+01
5.820000000000000284e+01
5.870000000000000284e+01
6.035000000000000142e+01
6.085000000000000142e+01
6.320000000000000284e+01
6.425000000000000000e+01
6.545000000000000284e+01
6.729999999999999716e+01
6.775000000000000000e+01
7.150000000000000000e+01
7.315000000000000568e+01
7.245000000000000284e+01
7.200000000000000000e+01
7.134999999999999432e+01
7.195000000000000284e+01
7.425000000000000000e+01
7.895000000000000284e+01
7.909999999999999432e+01
7.840000000000000568e+01
8.125000000000000000e+01
7.979999999999999716e+01
7.159999999999999432e+01
5.279999999999999716e+01
5.404999999999999716e+01
5.585000000000000142e+01
5.885000000000000142e+01
6.085000000000000142e+01
6.395000000000000284e+01
6.420000000000000284e+01
6.279999999999999716e+01
6.465000000000000568e+01
6.520000000000000284e+01
6.490000000000000568e+01
6.429999999999999716e+01
6.429999999999999716e+01
6.609999999999999432e+01
6.845000000000000284e+01
6.940000000000000568e+01
7.115000000000000568e+01
7.840000000000000568e+01
9.384999999999999432e+01
9.359999999999999432e+01
1.303499999999999943e+02
1.331500000000000057e+02
1.340500000000000114e+02
1.343000000000000114e+02
1.365999999999999943e+02
1.369499999999999886e+02
1.369000000000000057e+02
1.384499999999999886e+02
1.360999999999999943e+02
1.352500000000000000e+02
1.355999999999999943e+02
1.341500000000000057e+02
1.335000000000000000e+02
1.344000000000000057e+02
1.369000000000000057e+02
1.301999999999999886e+02
1.316500000000000057e+02
1.329000000000000057e+02
1.381999999999999886e+02
1.410000000000000000e+02
1.385500000000000114e+02
1.413499999999999943e+02
1.395000000000000000e+02
1.395000000000000000e+02
1.380500000000000114e+02
1.395000000000000000e+02
1.413000000000000114e+02
1.419000000000000057e+02
1.423000000000000114e+02
1.430500000000000114e+02
1.430500000000000114e+02
1.411999999999999886e+02
1.415500000000000114e+02
1.430000000000000000e+02
1.421999999999999886e+02
1.423499999999999943e+02
1.434000000000000057e+02
1.430000000000000000e+02
1.462500000000000000e+02
1.558499999999999943e+02
1.740999999999999943e+02
1.725500000000000114e+02
1.743499999999999943e+02
1.749499999999999886e+02
1.739499999999999886e+02
1.739000000000000057e+02
1.758499999999999943e+02
1.761999999999999886e+02
1.771999999999999886e+02
1.781500000000000057e+02
1.794499999999999886e+02
1.822500000000000000e+02
1.829499999999999886e+02
1.855000000000000000e+02
1.869000000000000057e+02
1.868499999999999943e+02
1.856500000000000057e+02
1.810500000000000114e+02
1.811500000000000057e+02
1.790000000000000000e+02
1.796500000000000057e+02
1.780999999999999943e+02
1.761500000000000057e+02
1.792500000000000000e+02
1.788499999999999943e+02
1.740999999999999943e+02
1.769499999999999886e+02
1.771999999999999886e+02
1.813499999999999943e+02
1.825999999999999943e+02
1.810999999999999943e+02
1.845500000000000114e+02
1.859000000000000057e+02
1.838499999999999943e+02
1.864499999999999886e+02
1.905500000000000114e+02
1.916500000000000057e+02
1.926999999999999886e+02
1.933000000000000114e+02
1.917500000000000000e+02
1.871500000000000057e+02
1.861500000000000057e+02
1.871500000000000057e+02
1.894499999999999886e+02
1.905999999999999943e+02
1.918000000000000114e+02
1.930999999999999943e+02
1.956999999999999886e+02
1.965000000000000000e+02
1.970500000000000114e+02
1.984000000000000057e+02
1.992500000000000000e+02
2.033000000000000114e+02
2.030000000000000000e+02
2.034000000000000057e+02
2.025500000000000114e+02
2.030500000000000114e+02
2.023000000000000114e+02
2.060000000000000000e+02
2.055999999999999943e+02
2.055500000000000114e+02
2.070999999999999943e+02
2.024000000000000057e+02
2.048000000000000114e+02
2.053000000000000114e+02
1.996500000000000057e+02
1.990000000000000000e+02
1.989000000000000057e+02
1.978499999999999943e+02
1.991500000000000057e+02
1.989499999999999886e+02
1.966999999999999886e+02
1.947500000000000000e+02
1.940500000000000114e+02
1.921999999999999886e+02
1.938000000000000114e+02
1.958499999999999943e+02
1.990500000000000114e+02
2.000000000000000000e+02
2.015000000000000000e+02
2.010500000000000114e+02
2.035000000000000000e+02
2.055500000000000114e+02
2.063499999999999943e+02
2.061500000000000057e+02
2.108499999999999943e+02
2.120000000000000000e+02
2.135000000000000000e+02
2.131500000000000057e+02
2.155999999999999943e+02
2.146500000000000057e+02
2.149499999999999886e+02
2.158499999999999943e+02
2.186999999999999886e+02
2.188499999999999943e+02
2.206999999999999886e+02
2.230000000000000000e+02
2.204000000000000057e+02
2.179000000000000057e+02
2.189499999999999886e+02
2.220999999999999943e+02
2.218000000000000114e+02
2.223000000000000114e+02
2.189499999999999886e+02
2.204000000000000057e+02
2.225999999999999943e+02
2.220500000000000114e+02
2.236999999999999886e+02
2.235500000000000114e+02
2.242500000000000000e+02
2.255999999999999943e+02
2.224499999999999886e+02
2.224499999999999886e+02
2.213000000000000114e+02
2.221500000000000057e+02
2.219499999999999886e+02
2.201500000000000057e+02
2.187500000000000000e+02
2.184000000000000057e+02
2.195999999999999943e+02
2.200999999999999943e+02
2.213000000000000114e+02
2.281999999999999886e+02
2.120000000000000000e+02
2.100000000000000000e+02
2.181999999999999886e+02
2.208000000000000114e+02
2.245999999999999943e+02
2.250999999999999943e+02
2.265000000000000000e+02
2.279000000000000057e+02
2.290500000000000114e+02
2.337500000000000000e+02
2.370999999999999943e+02
2.379000000000000057e+02
2.365000000000000000e+02
2.378499999999999943e+02
2.380000000000000000e+02
2.381999999999999886e+02
2.396999999999999886e+02
2.341500000000000057e+02
2.341999999999999886e+02
2.298000000000000114e+02
2.312500000000000000e+02
2.300999999999999943e+02
2.105500000000000114e+02
2.120500000000000114e+02
2.091999999999999886e+02
2.125999999999999943e+02
2.114499999999999886e+02
1.960500000000000114e+02
1.967500000000000000e+02
1.986999999999999886e+02
1.963499999999999943e+02
1.977500000000000000e+02
1.986500000000000057e+02
1.943499999999999943e+02
1.963499999999999943e+02
1.989499999999999886e+02
1.980500000000000114e+02
2.034000000000000057e+02
2.058499999999999943e+02
2.085500000000000114e+02
2.127500000000000000e+02
2.121500000000000057e+02
2.092500000000000000e+02
2.121500000000000057e+02
2.118499999999999943e+02
2.113499999999999943e+02
2.120500000000000114e+02
2.139000000000000057e+02
2.163000000000000114e+02
2.149499999999999886e+02
2.144499999999999886e+02
2.171999999999999886e+02
2.214499999999999886e+02
2.218000000000000114e+02
2.238000000000000114e+02
2.243000000000000114e+02
2.231999999999999886e+02
2.221500000000000057e+02
2.213499999999999943e+02
2.213499999999999943e+02
2.355999999999999943e+02
2.365500000000000114e+02
2.354499999999999886e+02
2.313499999999999943e+02
2.291999999999999886e+02
2.291500000000000057e+02
2.306500000000000057e+02
2.290000000000000000e+02
2.276999999999999886e+02
2.284000000000000057e+02
2.274000000000000057e+02
2.282500000000000000e+02
2.283000000000000114e+02
2.270000000000000000e+02
2.248499999999999943e+02
2.244000000000000057e+02
2.265000000000000000e+02
2.323499999999999943e+02
2.333499999999999943e+02
2.397500000000000000e+02
2.396500000000000057e+02
2.424000000000000057e+02
2.643999999999999773e+02
2.657500000000000000e+02
2.666999999999999886e+02
2.621999999999999886e+02
2.616999999999999886e+02
2.738000000000000114e+02
2.735000000000000000e+02
2.730000000000000000e+02
2.748999999999999773e+02
2.748000000000000114e+02
2.741499999999999773e+02
2.786999999999999886e+02
2.780500000000000114e+02
2.780500000000000114e+02
2.793000000000000114e+02
2.806999999999999886e+02
2.773500000000000227e+02
2.775500000000000114e+02
2.781999999999999886e+02
2.788500000000000227e+02
2.823999999999999773e+02
2.825500000000000114e+02
2.825500000000000114e+02
2.808000000000000114e+02
2.788500000000000227e+02
2.780500000000000114e+02
2.783999999999999773e+02
2.788500000000000227e+02
2.796000000000000227e+02
2.761000000000000227e+02
2.790000000000000000e+02
2.785500000000000114e+02
2.801000000000000227e+02
2.791000000000000227e+02
2.778000000000000114e+02
2.786499999999999773e+02
2.801000000000000227e+02
2.796000000000000227e+02
2.776499999999999773e+02
2.779499999999999886e+02
2.745000000000000000e+02
2.759499999999999886e+02
2.761499999999999773e+02
2.743000000000000114e+02
2.708500000000000227e+02
2.701000000000000227e+02
2.749499999999999886e+02
2.731000000000000227e+02
2.741499999999999773e+02
2.724499999999999886e+02
2.727500000000000000e+02
2.736999999999999886e+02
2.766999999999999886e+02
2.778999999999999773e+02
2.773000000000000114e+02
2.766499999999999773e+02
2.774499999999999886e+02
2.768999999999999773e+02
2.741000000000000227e+02
2.729499999999999886e+02
2.746000000000000227e+02
2.715500000000000114e+02
2.713999999999999773e+02
2.733000000000000114e+02
2.728500000000000227e+02
2.755500000000000114e+02
2.748000000000000114e+02
2.769499999999999886e+02
2.752500000000000000e+02
2.743999999999999773e+02
2.772500000000000000e+02
2.761999999999999886e+02
2.753000000000000114e+02
2.745000000000000000e+02
2.741999999999999886e+02
2.752500000000000000e+02
2.713000000000000114e+02
2.705000000000000000e+02
2.681999999999999886e+02
2.651999999999999886e+02
2.633000000000000114e+02
2.630000000000000000e+02
2.621000000000000227e+02
2.648000000000000114e+02
2.661000000000000227e+02
2.685500000000000114e+02
2.701499999999999773e+02
2.716499999999999773e+02
2.693999999999999773e+02
2.701000000000000227e+02
2.670500000000000114e+02
2.671499999999999773e+02
2.681499999999999773e+02
2.676999999999999886e+02
2.707500000000000000e+02
2.723999999999999773e+02
2.731999999999999886e+02
2.725500000000000114e+02
2.754499999999999886e+02
2.773999999999999773e+02
2.815000000000000000e+02
2.838999999999999773e+02
2.839499999999999886e+02
2.874499999999999886e+02
2.891499999999999773e+02
2.888999999999999773e+02
2.876999999999999886e+02
2.863999999999999773e+02
2.840500000000000114e+02
2.860000000000000000e+02
2.866999999999999886e+02
2.859499999999999886e+02
2.824499999999999886e+02
2.831999999999999886e+02
2.833500000000000227e+02
2.826499999999999773e+02
2.834499999999999886e+02
2.848500000000000227e+02
2.837500000000000000e+02
2.854499999999999886e+02
2.816499999999999773e+02
2.848500000000000227e+02
2.853500000000000227e+02
2.858000000000000114e+02
2.876000000000000227e+02
2.853500000000000227e+02
2.858000000000000114e+02
2.840000000000000000e+02
2.862500000000000000e+02
2.863000000000000114e+02
2.850000000000000000e+02
2.858000000000000114e+02
2.850000000000000000e+02
2.846999999999999886e+02
2.836999999999999886e+02
2.839499999999999886e+02
2.885000000000000000e+02
2.892500000000000000e+02
2.913000000000000114e+02
2.920000000000000000e+02
2.954499999999999886e+02
2.948999999999999773e+02
2.960500000000000114e+02
2.979499999999999886e+02
2.976999999999999886e+02
2.966499999999999773e+02
2.942500000000000000e+02
2.958000000000000114e+02
2.943500000000000227e+02
2.960000000000000000e+02
2.980500000000000114e+02
3.005000000000000000e+02
2.994499999999999886e+02
2.971999999999999886e+02
2.947500000000000000e+02
2.938999999999999773e+02
2.941000000000000227e+02
2.943500000000000227e+02
2.935500000000000114e+02
2.929499999999999886e+02
2.951499999999999773e+02
2.941999999999999886e+02
2.950500000000000114e+02
2.953000000000000114e+02
2.958000000000000114e+02
2.938500000000000227e+02
2.936999999999999886e+02
2.951999999999999886e+02
2.962500000000000000e+02
2.968999999999999773e+02
2.973999999999999773e+02
2.958000000000000114e+02
2.983500000000000227e+02
2.980000000000000000e+02
2.968999999999999773e+02
2.988500000000000227e+02
2.976999999999999886e+02
2.988999999999999773e+02
3.001999999999999886e+02
2.971000000000000227e+02
2.994499999999999886e+02
2.971999999999999886e+02
2.971999999999999886e+02
2.983999999999999773e+02
2.995500000000000114e+02
3.020500000000000114e+02
3.022500000000000000e+02
3.045000000000000000e+02
3.041999999999999886e+02
3.058500000000000227e+02
3.065000000000000000e+02
3.063999999999999773e+02
3.100000000000000000e+02
3.123999999999999773e+02
3.143500000000000227e+02
3.145000000000000000e+02
3.138000000000000114e+02
3.110500000000000114e+02
3.139499999999999886e+02
3.148500000000000227e+02
3.130000000000000000e+02
3.131499999999999773e+02
3.129499999999999886e+02
3.118000000000000114e+02
3.080000000000000000e+02
3.100500000000000114e+02
3.110000000000000000e+02
3.059499999999999886e+02
3.096499999999999773e+02
3.100000000000000000e+02
3.075000000000000000e+02
3.068500000000000227e+02
3.078000000000000114e+02
3.101000000000000227e+02
3.111499999999999773e+02
3.107500000000000000e+02
3.123500000000000227e+02
3.104499999999999886e+02
3.105500000000000114e+02
3.102500000000000000e+02
3.086499999999999773e+02
3.113000000000000114e+02
3.116999999999999886e+02
3.098500000000000227e+02
3.090000000000000000e+02
3.128999999999999773e+02
3.145000000000000000e+02
3.118500000000000227e+02
3.146999999999999886e+02
3.128000000000000114e+02
3.133500000000000227e+02
3.142500000000000000e+02
3.151000000000000227e+02
3.145500000000000114e+02
3.141000000000000227e+02
3.130000000000000000e+02
3.128000000000000114e+02
3.120000000000000000e+02
3.136000000000000227e+02
3.156000000000000227e+02
3.159499999999999886e+02
3.171499999999999773e+02
3.180000000000000000e+02
3.165500000000000114e+02
3.173000000000000114e+02
3.176000000000000227e+02
3.201999999999999886e+02
3.196999999999999886e+02
3.204499999999999886e+02
3.170000000000000000e+02
3.171000000000000227e+02
3.171499999999999773e+02
3.163999999999999773e+02
3.153000000000000114e+02
3.138999999999999773e+02
3.132500000000000000e+02
3.135500000000000114e+02
3.161499999999999773e+02
3.166499999999999773e+02
3.181499999999999773e+02
3.173500000000000227e+02
3.153000000000000114e+02
3.158999999999999773e+02
3.179499999999999886e+02
3.199499999999999886e+02
3.210500000000000114e+02
3.180500000000000114e+02
3.231000000000000227e+02
3.219499999999999886e+02
3.242500000000000000e+02
3.254499999999999886e+02
3.231999999999999886e+02
3.231499999999999773e+02
3.239499999999999886e+02
3.240000000000000000e+02
3.243999999999999773e+02
3.258500000000000227e+02
3.286000000000000227e+02
3.276499999999999773e+02
3.274499999999999886e+02
3.270500000000000114e+02
3.260000000000000000e+02
3.272500000000000000e+02
3.291999999999999886e+02
3.291000000000000227e+02
3.295500000000000114e+02
3.283000000000000114e+02
3.282500000000000000e+02
3.281999999999999886e+02
3.306999999999999886e+02
3.288000000000000114e+02
3.297500000000000000e+02
3.295500000000000114e+02
3.315000000000000000e+02
3.325500000000000114e+02
3.315000000000000000e+02
3.301999999999999886e+02
3.294499999999999886e+02
3.286000000000000227e+02
3.295500000000000114e+02
3.273999999999999773e+02
3.263999999999999773e+02
3.270500000000000114e+02
3.282500000000000000e+02
3.267500000000000000e+02
3.259499999999999886e+02
3.268999999999999773e+02
3.260500000000000114e+02
3.273500000000000227e+02
3.288000000000000114e+02
3.302500000000000000e+02
3.298500000000000227e+02
3.306999999999999886e+02
3.298000000000000114e+02
3.313500000000000227e+02
3.327500000000000000e+02
3.328500000000000227e+02
3.307500000000000000e+02
3.300500000000000114e+02
3.313000000000000114e+02
3.343500000000000227e+02
3.348500000000000227e+02
3.357500000000000000e+02
3.323000000000000114e+02
3.330500000000000114e+02
3.293999999999999773e+02
3.329499999999999886e+02
3.323500000000000227e+02
3.328500000000000227e+02
3.345000000000000000e+02
3.359499999999999886e+02
3.374499999999999886e+02
3.399499999999999886e+02
3.401999999999999886e+02
3.425000000000000000e+02
3.434499999999999886e+02
3.425500000000000114e+02
3.443500000000000227e+02
3.456999999999999886e+02
3.463000000000000114e+02
3.459499999999999886e+02
3.449499999999999886e+02
3.406999999999999886e+02
3.411000000000000227e+02
3.410000000000000000e+02
3.388500000000000227e+02
3.399499999999999886e+02
3.421000000000000227e+02
3.420500000000000114e+02
3.398500000000000227e+02
3.410500000000000114e+02
3.411999999999999886e+02
3.425000000000000000e+02
3.406499999999999773e+02
3.411000000000000227e+02
3.428500000000000227e+02
3.461999999999999886e+02
3.452500000000000000e+02
3.466000000000000227e+02
3.443999999999999773e+02
3.457500000000000000e+02
3.468000000000000114e+02
3.449499999999999886e+02
3.443000000000000114e+02
3.448500000000000227e+02
3.430500000000000114e+02
3.416499999999999773e+02
3.430000000000000000e+02
3.419499999999999886e+02
3.411499999999999773e+02
3.403999999999999773e+02
3.408999999999999773e+02
3.426999999999999886e+02
3.446999999999999886e+02
3.446999999999999886e+02
3.448000000000000114e+02
3.461000000000000227e+02
3.485000000000000000e+02
3.495500000000000114e+02
3.487500000000000000e+02
3.506499999999999773e+02
3.492500000000000000e+02
3.486999999999999886e+02
3.493999999999999773e+02
3.473500000000000227e+02
3.503999999999999773e+02
3.496999999999999886e+02
3.532500000000000000e+02
3.538999999999999773e+02
3.538000000000000114e+02
3.545500000000000114e+02
3.513999999999999773e+02
3.496999999999999886e+02
3.518000000000000114e+02
3.506000000000000227e+02
3.506000000000000227e+02
3.500500000000000114e+02
3.497500000000000000e+02
3.513999999999999773e+02
3.510000000000000000e+02
3.506000000000000227e+02
3.542500000000000000e+02
3.563500000000000227e+02
3.554499999999999886e+02
3.546999999999999886e+02
3.550500000000000114e+02
3.586999999999999886e+02
3.590000000000000000e+02
3.598999999999999773e+02
3.622500000000000000e+02
3.631999999999999886e+02
3.627500000000000000e+02
3.632500000000000000e+02
3.627500000000000000e+02
3.618500000000000227e+02
3.628999999999999773e+02
3.633500000000000227e+02
3.640500000000000114e+02
3.638500000000000227e+02
3.666999999999999886e+02
3.672500000000000000e+02
3.668999999999999773e+02
3.688500000000000227e+02
3.675000000000000000e+02
3.671000000000000227e+02
3.696499999999999773e+02
3.706999999999999886e+02
3.707500000000000000e+02
3.715000000000000000e+02
3.695500000000000114e+02
3.703999999999999773e+02
3.701000000000000227e+02
3.686499999999999773e+02
3.676499999999999773e+02
3.671499999999999773e+02
3.672500000000000000e+02
3.672500000000000000e+02
3.665500000000000114e+02
3.665000000000000000e+02
3.668000000000000114e+02
3.626499999999999773e+02
3.653000000000000114e+02
3.653000000000000114e+02
3.671999999999999886e+02
3.671999999999999886e+02
3.686000000000000227e+02
3.691999999999999886e+02
3.688000000000000114e+02
3.663999999999999773e+02
3.670500000000000114e+02
3.668999999999999773e+02
3.696000000000000227e+02
3.706499999999999773e+02
3.691499999999999773e+02
3.685500000000000114e+02
3.699499999999999886e+02
3.705000000000000000e+02
3.718500000000000227e+02
3.708999999999999773e+02
3.716000000000000227e+02
3.736499999999999773e+02
3.713500000000000227e+02
3.711499999999999773e+02
3.716000000000000227e+02
3.730000000000000000e+02
3.733999999999999773e+02
3.704499999999999886e+02
3.701499999999999773e+02
3.693500000000000227e+02
3.678500000000000227e+02
3.683999999999999773e+02
3.687500000000000000e+02
3.677500000000000000e+02
3.678500000000000227e+02
3.682500000000000000e+02
3.687500000000000000e+02
3.666999999999999886e+02
3.669499999999999886e+02
3.642500000000000000e+02
3.632500000000000000e+02
3.614499999999999886e+02
3.618000000000000114e+02
3.591000000000000227e+02
3.614499999999999886e+02
3.617500000000000000e+02
3.628500000000000227e+02
3.638000000000000114e+02
3.650500000000000114e+02
3.608000000000000114e+02
3.619499999999999886e+02
3.628999999999999773e+02
3.650000000000000000e+02
3.644499999999999886e+02
3.638500000000000227e+02
3.626000000000000227e+02
3.624499999999999886e+02
3.641999999999999886e+02
3.646499999999999773e+02
3.635500000000000114e+02
3.638500000000000227e+02
3.636000000000000227e+02
3.638000000000000114e+02
3.648000000000000114e+02
3.638999999999999773e+02
3.641000000000000227e+02
3.629499999999999886e+02
3.616000000000000227e+02
3.608000000000000114e+02
3.623000000000000114e+02
3.631999999999999886e+02
3.631499999999999773e+02
3.626999999999999886e+02
3.623000000000000114e+02
3.623000000000000114e+02
3.627500000000000000e+02
3.616999999999999886e+02
3.611999999999999886e+02
3.616000000000000227e+02
3.636999999999999886e+02
3.641499999999999773e+02
3.653000000000000114e+02
3.666999999999999886e+02
3.671000000000000227e+02
3.686999999999999886e+02
3.698500000000000227e+02
3.687500000000000000e+02
3.716999999999999886e+02
3.722500000000000000e+02
3.711999999999999886e+02
3.721499999999999773e+02
3.712500000000000000e+02
3.713000000000000114e+02
3.710500000000000114e+02
3.735500000000000114e+02
3.762500000000000000e+02
3.748500000000000227e+02
3.723000000000000114e+02
3.740000000000000000e+02
3.778999999999999773e+02
3.797500000000000000e+02
3.797500000000000000e+02
3.810000000000000000e+02
3.830500000000000114e+02
3.841499999999999773e+02
3.845500000000000114e+02
3.859499999999999886e+02
3.844499999999999886e+02
3.820000000000000000e+02
3.811499999999999773e+02
3.861499999999999773e+02
3.868000000000000114e+02
3.850000000000000000e+02
3.853999999999999773e+02
3.866000000000000227e+02
3.875000000000000000e+02
3.878500000000000227e+02
3.876000000000000227e+02
3.873999999999999773e+02
3.879499999999999886e+02
3.866999999999999886e+02
3.866999999999999886e+02
3.864499999999999886e+02
3.875000000000000000e+02
3.885000000000000000e+02
3.885500000000000114e+02
3.878999999999999773e+02
3.885500000000000114e+02
3.876999999999999886e+02
3.881499999999999773e+02
3.867500000000000000e+02
3.878500000000000227e+02
3.881999999999999886e+02
3.895000000000000000e+02
3.908500000000000227e+02
3.913500000000000227e+02
3.900500000000000114e+02
3.924499999999999886e+02
3.920000000000000000e+02
3.909499999999999886e+02
3.899499999999999886e+02
3.881999999999999886e+02
3.853999999999999773e+02
3.846499999999999773e+02
3.852500000000000000e+02
3.843999999999999773e+02
3.838000000000000114e+02
3.841000000000000227e+02
3.800000000000000000e+02
3.828000000000000114e+02
3.836499999999999773e+02
3.848000000000000114e+02
3.841000000000000227e+02
3.855500000000000114e+02
3.844499999999999886e+02
3.816999999999999886e+02
3.820500000000000114e+02
3.845500000000000114e+02
3.848500000000000227e+02
3.853500000000000227e+02
3.851999999999999886e+02
3.863999999999999773e+02
3.858000000000000114e+02
3.853999999999999773e+02
3.814499999999999886e+02
3.833999999999999773e+02
3.845000000000000000e+02
3.851999999999999886e+02
3.850000000000000000e+02
3.853999999999999773e+02
3.853000000000000114e+02
3.851000000000000227e+02
3.857500000000000000e+02
3.876499999999999773e+02
3.875000000000000000e+02
3.881999999999999886e+02
3.906000000000000227e+02
3.880500000000000114e+02
3.871999999999999886e+02
3.850000000000000000e+02
3.828500000000000227e+02
3.841999999999999886e+02
3.843500000000000227e+02
3.821000000000000227e+02
3.805000000000000000e+02
3.805500000000000114e+02
3.836499999999999773e+02
3.821999999999999886e+02
3.838999999999999773e+02
3.822500000000000000e+02
3.829499999999999886e+02
3.823999999999999773e+02
3.821000000000000227e+02
3.811499999999999773e+02
3.821499999999999773e+02
3.820000000000000000e+02
3.823999999999999773e+02
