-inf
-inf
-inf
-inf
-inf
-inf
-inf
-inf
-inf
-inf
2.162999999999999901e+01
2.191000000000000014e+01
2.191000000000000014e+01
2.196000000000000085e+01
2.196000000000000085e+01
2.196000000000000085e+01
2.196000000000000085e+01
2.196000000000000085e+01
2.196000000000000085e+01
2.196000000000000085e+01
2.196000000000000085e+01
2.196000000000000085e+01
2.196000000000000085e+01
2.196000000000000085e+01
2.196000000000000085e+01
2.196000000000000085e+01
2.196000000000000085e+01
2.196000000000000085e+01
2.196000000000000085e+01
2.196000000000000085e+01
2.196000000000000085e+01
2.196000000000000085e+01
2.196000000000000085e+01
2.196000000000000085e+01
2.196000000000000085e+01
2.196000000000000085e+01
2.196000000000000085e+01
2.196000000000000085e+01
2.196000000000000085e+01
2.196000000000000085e+01
2.196000000000000085e+01
2.196000000000000085e+01
2.196000000000000085e+01
2.196000000000000085e+01
2.196000000000000085e+01
2.196000000000000085e+01
2.196000000000000085e+01
2.196000000000000085e+01
2.196000000000000085e+01
2.196000000000000085e+01
2.196000000000000085e+01
2.196000000000000085e+01
2.196000000000000085e+01
2.196000000000000085e+01
2.196000000000000085e+01
2.196000000000000085e+01
2.196000000000000085e+01
2.196000000000000085e+01
2.239999999999999858e+01
2.289000000000000057e+01
2.294999999999999929e+01
2.319999999999999929e+01
2.355000000000000071e+01
2.355000000000000071e+01
2.358999999999999986e+01
2.358999999999999986e+01
2.371000000000000085e+01
2.432999999999999829e+01
2.466000000000000014e+01
2.466000000000000014e+01
2.466000000000000014e+01
2.466000000000000014e+01
2.466000000000000014e+01
2.466000000000000014e+01
2.503999999999999915e+01
2.569000000000000128e+01
2.580000000000000071e+01
2.601000000000000156e+01
2.632000000000000028e+01
2.667000000000000171e+01
2.676999999999999957e+01
2.692000000000000171e+01
2.858999999999999986e+01
2.885000000000000142e+01
2.885000000000000142e+01
2.935999999999999943e+01
2.935999999999999943e+01
2.935999999999999943e+01
2.953000000000000114e+01
2.957000000000000028e+01
3.028000000000000114e+01
3.096000000000000085e+01
3.103000000000000114e+01
3.103000000000000114e+01
3.103000000000000114e+01
3.103000000000000114e+01
3.103000000000000114e+01
3.103000000000000114e+01
3.103000000000000114e+01
3.155999999999999872e+01
3.155999999999999872e+01
3.155999999999999872e+01
3.196999999999999886e+01
3.196999999999999886e+01
3.225000000000000000e+01
3.253999999999999915e+01
3.314000000000000057e+01
3.314000000000000057e+01
3.314000000000000057e+01
3.314999999999999858e+01
3.325000000000000000e+01
3.325000000000000000e+01
3.325000000000000000e+01
3.325000000000000000e+01
3.325000000000000000e+01
3.325000000000000000e+01
3.325000000000000000e+01
3.325000000000000000e+01
3.325000000000000000e+01
3.325000000000000000e+01
3.325000000000000000e+01
3.339999999999999858e+01
3.339999999999999858e+01
3.339999999999999858e+01
3.339999999999999858e+01
3.339999999999999858e+01
3.385999999999999943e+01
3.385999999999999943e+01
3.406000000000000227e+01
3.486999999999999744e+01
3.496999999999999886e+01
3.532999999999999829e+01
3.584000000000000341e+01
3.584000000000000341e+01
3.584000000000000341e+01
3.584000000000000341e+01
3.602000000000000313e+01
3.602000000000000313e+01
3.602000000000000313e+01
3.607999999999999829e+01
3.607999999999999829e+01
3.693999999999999773e+01
3.695000000000000284e+01
3.715999999999999659e+01
3.724000000000000199e+01
3.757999999999999829e+01
3.779999999999999716e+01
3.779999999999999716e+01
3.850000000000000000e+01
3.903999999999999915e+01
3.903999999999999915e+01
3.903999999999999915e+01
3.915999999999999659e+01
4.007000000000000028e+01
4.095000000000000284e+01
4.095000000000000284e+01
4.095000000000000284e+01
4.095000000000000284e+01
4.095000000000000284e+01
4.095000000000000284e+01
4.095000000000000284e+01
4.095000000000000284e+01
4.095000000000000284e+01
4.175000000000000000e+01
4.220000000000000284e+01
4.302000000000000313e+01
4.307999999999999829e+01
4.335000000000000142e+01
4.335000000000000142e+01
4.403000000000000114e+01
4.425999999999999801e+01
4.527000000000000313e+01
4.564999999999999858e+01
4.571000000000000085e+01
4.728000000000000114e+01
4.818999999999999773e+01
4.818999999999999773e+01
4.861999999999999744e+01
4.861999999999999744e+01
4.861999999999999744e+01
4.861999999999999744e+01
4.861999999999999744e+01
4.861999999999999744e+01
4.861999999999999744e+01
4.878000000000000114e+01
4.910000000000000142e+01
4.947999999999999687e+01
4.956000000000000227e+01
5.043999999999999773e+01
5.099000000000000199e+01
5.189000000000000057e+01
5.189000000000000057e+01
5.271999999999999886e+01
5.332999999999999829e+01
5.500999999999999801e+01
5.500999999999999801e+01
5.545000000000000284e+01
5.611999999999999744e+01
5.618999999999999773e+01
5.618999999999999773e+01
5.667000000000000171e+01
5.750000000000000000e+01
5.802000000000000313e+01
5.853000000000000114e+01
5.928000000000000114e+01
5.970000000000000284e+01
5.997999999999999687e+01
6.065999999999999659e+01
6.082999999999999829e+01
6.122999999999999687e+01
6.160000000000000142e+01
6.178999999999999915e+01
6.178999999999999915e+01
6.236999999999999744e+01
6.295000000000000284e+01
6.382000000000000028e+01
6.450000000000000000e+01
6.470999999999999375e+01
6.557999999999999829e+01
6.593000000000000682e+01
6.665999999999999659e+01
6.712000000000000455e+01
6.712000000000000455e+01
6.712000000000000455e+01
6.712000000000000455e+01
6.712000000000000455e+01
6.712000000000000455e+01
6.712000000000000455e+01
6.860999999999999943e+01
6.860999999999999943e+01
6.884999999999999432e+01
6.884999999999999432e+01
6.884999999999999432e+01
6.884999999999999432e+01
6.884999999999999432e+01
6.884999999999999432e+01
6.884999999999999432e+01
6.884999999999999432e+01
6.884999999999999432e+01
6.884999999999999432e+01
6.915999999999999659e+01
6.946999999999999886e+01
6.946999999999999886e+01
7.009999999999999432e+01
7.028000000000000114e+01
7.073999999999999488e+01
7.073999999999999488e+01
7.154999999999999716e+01
7.154999999999999716e+01
7.154999999999999716e+01
7.154999999999999716e+01
7.154999999999999716e+01
7.204000000000000625e+01
7.220000000000000284e+01
7.220000000000000284e+01
7.220000000000000284e+01
7.220000000000000284e+01
7.220000000000000284e+01
7.220000000000000284e+01
7.271999999999999886e+01
7.326000000000000512e+01
7.326000000000000512e+01
7.326000000000000512e+01
7.326000000000000512e+01
7.326000000000000512e+01
7.326000000000000512e+01
7.326000000000000512e+01
7.326000000000000512e+01
7.326000000000000512e+01
7.326000000000000512e+01
7.326000000000000512e+01
7.326000000000000512e+01
7.357999999999999829e+01
7.357999999999999829e+01
7.357999999999999829e+01
7.357999999999999829e+01
7.409000000000000341e+01
7.423999999999999488e+01
7.456000000000000227e+01
7.490999999999999659e+01
7.490999999999999659e+01
7.490999999999999659e+01
7.523999999999999488e+01
7.598999999999999488e+01
7.809999999999999432e+01
7.932999999999999829e+01
7.932999999999999829e+01
7.973999999999999488e+01
7.973999999999999488e+01
7.973999999999999488e+01
7.973999999999999488e+01
7.973999999999999488e+01
7.973999999999999488e+01
8.037000000000000455e+01
8.093000000000000682e+01
8.106000000000000227e+01
8.106000000000000227e+01
8.209999999999999432e+01
8.209999999999999432e+01
8.293999999999999773e+01
8.310999999999999943e+01
8.357999999999999829e+01
8.443000000000000682e+01
8.465000000000000568e+01
8.518000000000000682e+01
8.531000000000000227e+01
8.609000000000000341e+01
8.609000000000000341e+01
8.609000000000000341e+01
8.610999999999999943e+01
8.693000000000000682e+01
8.693000000000000682e+01
8.693000000000000682e+01
8.693000000000000682e+01
8.693000000000000682e+01
8.693000000000000682e+01
8.693000000000000682e+01
8.693000000000000682e+01
8.693000000000000682e+01
8.693000000000000682e+01
8.693000000000000682e+01
8.770999999999999375e+01
8.804999999999999716e+01
8.821999999999999886e+01
8.821999999999999886e+01
8.939000000000000057e+01
8.939000000000000057e+01
8.939000000000000057e+01
9.095000000000000284e+01
9.095000000000000284e+01
9.173999999999999488e+01
9.265999999999999659e+01
9.265999999999999659e+01
9.265999999999999659e+01
9.265999999999999659e+01
9.265999999999999659e+01
9.326999999999999602e+01
9.368999999999999773e+01
9.368999999999999773e+01
9.473999999999999488e+01
9.603000000000000114e+01
9.615999999999999659e+01
9.753000000000000114e+01
9.753000000000000114e+01
9.753000000000000114e+01
9.753000000000000114e+01
9.753000000000000114e+01
9.753000000000000114e+01
9.753000000000000114e+01
9.753000000000000114e+01
9.770999999999999375e+01
9.817000000000000171e+01
9.990000000000000568e+01
1.000799999999999983e+02
1.000799999999999983e+02
1.004500000000000028e+02
1.014000000000000057e+02
1.014000000000000057e+02
1.014000000000000057e+02
1.014000000000000057e+02
1.014000000000000057e+02
1.014000000000000057e+02
1.014000000000000057e+02
1.014000000000000057e+02
1.019399999999999977e+02
1.019399999999999977e+02
1.019399999999999977e+02
1.023499999999999943e+02
1.023499999999999943e+02
1.023499999999999943e+02
1.026800000000000068e+02
1.026800000000000068e+02
1.031899999999999977e+02
1.031899999999999977e+02
1.047099999999999937e+02
1.053199999999999932e+02
1.058299999999999983e+02
1.066200000000000045e+02
1.066200000000000045e+02
1.073599999999999994e+02
1.078299999999999983e+02
1.080999999999999943e+02
1.082900000000000063e+02
1.083700000000000045e+02
1.095199999999999960e+02
1.110699999999999932e+02
1.130400000000000063e+02
1.130400000000000063e+02
1.130400000000000063e+02
1.135900000000000034e+02
1.139500000000000028e+02
1.139500000000000028e+02
1.144599999999999937e+02
1.148199999999999932e+02
1.168700000000000045e+02
1.168700000000000045e+02
1.168700000000000045e+02
1.168700000000000045e+02
1.172699999999999960e+02
1.172699999999999960e+02
1.172699999999999960e+02
1.172699999999999960e+02
1.172699999999999960e+02
1.186099999999999994e+02
1.195199999999999960e+02
1.200199999999999960e+02
1.200199999999999960e+02
1.200199999999999960e+02
1.202699999999999960e+02
1.205400000000000063e+02
1.213499999999999943e+02
1.221299999999999955e+02
1.221299999999999955e+02
1.221299999999999955e+02
1.221299999999999955e+02
1.221299999999999955e+02
1.221299999999999955e+02
1.225199999999999960e+02
1.225199999999999960e+02
1.225199999999999960e+02
1.227999999999999972e+02
1.238900000000000006e+02
1.244000000000000057e+02
1.244000000000000057e+02
1.246400000000000006e+02
1.279599999999999937e+02
1.291299999999999955e+02
1.291299999999999955e+02
1.308499999999999943e+02
1.308499999999999943e+02
1.308499999999999943e+02
1.308499999999999943e+02
1.308499999999999943e+02
1.315200000000000102e+02
1.317899999999999920e+02
1.320099999999999909e+02
1.323799999999999955e+02
1.327599999999999909e+02
1.343499999999999943e+02
1.343499999999999943e+02
1.343499999999999943e+02
1.343499999999999943e+02
1.343499999999999943e+02
1.343499999999999943e+02
1.343499999999999943e+02
1.343499999999999943e+02
1.343499999999999943e+02
1.343499999999999943e+02
1.343499999999999943e+02
1.343499999999999943e+02
1.343499999999999943e+02
1.343499999999999943e+02
1.343499999999999943e+02
1.343499999999999943e+02
1.343499999999999943e+02
1.343499999999999943e+02
1.343499999999999943e+02
1.343499999999999943e+02
1.343499999999999943e+02
1.343499999999999943e+02
1.343499999999999943e+02
1.343499999999999943e+02
1.343499999999999943e+02
1.344399999999999977e+02
1.344399999999999977e+02
1.344399999999999977e+02
1.344399999999999977e+02
1.344399999999999977e+02
1.344399999999999977e+02
1.353600000000000136e+02
1.353600000000000136e+02
1.353600000000000136e+02
1.374600000000000080e+02
1.374600000000000080e+02
1.384199999999999875e+02
1.389600000000000080e+02
1.395300000000000011e+02
1.412400000000000091e+02
1.422400000000000091e+02
1.427700000000000102e+02
1.437400000000000091e+02
1.446399999999999864e+02
1.457700000000000102e+02
1.466699999999999875e+02
1.470600000000000023e+02
1.470600000000000023e+02
1.470600000000000023e+02
1.470600000000000023e+02
1.470600000000000023e+02
1.478600000000000136e+02
1.482700000000000102e+02
1.482700000000000102e+02
1.503799999999999955e+02
1.503799999999999955e+02
1.506800000000000068e+02
1.506800000000000068e+02
1.506800000000000068e+02
1.509300000000000068e+02
1.509300000000000068e+02
1.509300000000000068e+02
1.509300000000000068e+02
1.509300000000000068e+02
1.512299999999999898e+02
1.513300000000000125e+02
1.516599999999999966e+02
1.521800000000000068e+02
1.533400000000000034e+02
1.536500000000000057e+02
1.538199999999999932e+02
1.538199999999999932e+02
1.542599999999999909e+02
1.542599999999999909e+02
1.549600000000000080e+02
1.550200000000000102e+02
1.552400000000000091e+02
1.563499999999999943e+02
1.563499999999999943e+02
1.563499999999999943e+02
1.564199999999999875e+02
1.564199999999999875e+02
1.576299999999999955e+02
1.576299999999999955e+02
1.576299999999999955e+02
1.576299999999999955e+02
1.576299999999999955e+02
1.576299999999999955e+02
1.586899999999999977e+02
1.587700000000000102e+02
1.587700000000000102e+02
1.587700000000000102e+02
1.587700000000000102e+02
1.587700000000000102e+02
1.587700000000000102e+02
1.587700000000000102e+02
1.587700000000000102e+02
1.587700000000000102e+02
1.587700000000000102e+02
1.587700000000000102e+02
1.587700000000000102e+02
1.587700000000000102e+02
1.587700000000000102e+02
1.587700000000000102e+02
1.587700000000000102e+02
1.587700000000000102e+02
1.587700000000000102e+02
1.587700000000000102e+02
1.587700000000000102e+02
1.587700000000000102e+02
1.587700000000000102e+02
1.587700000000000102e+02
1.587700000000000102e+02
1.587700000000000102e+02
1.587700000000000102e+02
1.587700000000000102e+02
1.587700000000000102e+02
1.597500000000000000e+02
1.597500000000000000e+02
1.600600000000000023e+02
1.627700000000000102e+02
1.635600000000000023e+02
1.635600000000000023e+02
1.637700000000000102e+02
1.646599999999999966e+02
1.668199999999999932e+02
1.668199999999999932e+02
1.668199999999999932e+02
1.669099999999999966e+02
1.686299999999999955e+02
1.692899999999999920e+02
1.705999999999999943e+02
1.705999999999999943e+02
1.705999999999999943e+02
1.705999999999999943e+02
1.709000000000000057e+02
1.714000000000000057e+02
1.719499999999999886e+02
1.737400000000000091e+02
1.739099999999999966e+02
1.751500000000000057e+02
1.788499999999999943e+02
1.788499999999999943e+02
1.788499999999999943e+02
1.794900000000000091e+02
1.804600000000000080e+02
1.804600000000000080e+02
1.804600000000000080e+02
1.804600000000000080e+02
1.804600000000000080e+02
1.804600000000000080e+02
1.804600000000000080e+02
1.804600000000000080e+02
1.804600000000000080e+02
1.804600000000000080e+02
1.804600000000000080e+02
1.804600000000000080e+02
1.804600000000000080e+02
1.804600000000000080e+02
1.804600000000000080e+02
1.804600000000000080e+02
1.804600000000000080e+02
1.804600000000000080e+02
1.804600000000000080e+02
1.804600000000000080e+02
1.804600000000000080e+02
1.804600000000000080e+02
1.804600000000000080e+02
1.804600000000000080e+02
1.804600000000000080e+02
1.804600000000000080e+02
1.804600000000000080e+02
1.804600000000000080e+02
1.804600000000000080e+02
1.804600000000000080e+02
1.804600000000000080e+02
1.804600000000000080e+02
1.804600000000000080e+02
1.804600000000000080e+02
1.804600000000000080e+02
1.804600000000000080e+02
1.804600000000000080e+02
1.804600000000000080e+02
