-inf
-inf
-inf
-inf
-inf
-inf
-inf
-inf
-inf
-inf
2.105000000000000071e+01
2.112999999999999901e+01
2.141000000000000014e+01
2.141000000000000014e+01
2.141000000000000014e+01
2.141000000000000014e+01
2.141000000000000014e+01
2.141000000000000014e+01
2.141000000000000014e+01
2.141000000000000014e+01
2.141000000000000014e+01
2.141000000000000014e+01
2.141000000000000014e+01
2.141000000000000014e+01
2.141000000000000014e+01
2.141000000000000014e+01
2.141000000000000014e+01
2.141000000000000014e+01
2.141000000000000014e+01
2.141000000000000014e+01
2.141000000000000014e+01
2.141000000000000014e+01
2.141000000000000014e+01
2.141000000000000014e+01
2.141000000000000014e+01
2.141000000000000014e+01
2.141000000000000014e+01
2.141000000000000014e+01
2.141000000000000014e+01
2.141000000000000014e+01
2.141000000000000014e+01
2.141000000000000014e+01
2.141000000000000014e+01
2.141000000000000014e+01
2.141000000000000014e+01
2.141000000000000014e+01
2.141000000000000014e+01
2.141000000000000014e+01
2.141000000000000014e+01
2.141000000000000014e+01
2.141000000000000014e+01
2.141000000000000014e+01
2.141000000000000014e+01
2.141000000000000014e+01
2.141000000000000014e+01
2.141000000000000014e+01
2.141000000000000014e+01
2.141000000000000014e+01
2.141000000000000014e+01
2.141000000000000014e+01
2.141000000000000014e+01
2.141000000000000014e+01
2.141000000000000014e+01
2.141000000000000014e+01
2.141000000000000014e+01
2.151000000000000156e+01
2.155000000000000071e+01
2.253999999999999915e+01
2.269999999999999929e+01
2.292999999999999972e+01
2.408999999999999986e+01
2.458999999999999986e+01
2.458999999999999986e+01
2.521999999999999886e+01
2.603999999999999915e+01
2.705000000000000071e+01
2.771999999999999886e+01
2.825000000000000000e+01
2.896999999999999886e+01
2.914999999999999858e+01
2.935000000000000142e+01
3.037000000000000099e+01
3.069999999999999929e+01
3.071999999999999886e+01
3.151999999999999957e+01
3.151999999999999957e+01
3.185000000000000142e+01
3.296000000000000085e+01
3.296000000000000085e+01
3.296000000000000085e+01
3.296000000000000085e+01
3.384000000000000341e+01
3.384000000000000341e+01
3.409000000000000341e+01
3.447999999999999687e+01
3.457000000000000028e+01
3.525999999999999801e+01
3.606000000000000227e+01
3.667999999999999972e+01
3.740999999999999659e+01
3.740999999999999659e+01
3.740999999999999659e+01
3.792000000000000171e+01
3.865999999999999659e+01
3.865999999999999659e+01
3.918999999999999773e+01
3.978999999999999915e+01
3.992999999999999972e+01
4.059000000000000341e+01
4.138000000000000256e+01
4.182999999999999829e+01
4.307000000000000028e+01
4.307000000000000028e+01
4.307000000000000028e+01
4.354999999999999716e+01
4.471999999999999886e+01
4.474000000000000199e+01
4.475000000000000000e+01
4.475000000000000000e+01
4.517000000000000171e+01
4.595000000000000284e+01
4.689000000000000057e+01
4.746000000000000085e+01
4.777000000000000313e+01
4.799000000000000199e+01
4.832999999999999829e+01
4.835000000000000142e+01
4.835000000000000142e+01
4.835000000000000142e+01
4.835000000000000142e+01
4.835000000000000142e+01
4.835000000000000142e+01
4.835000000000000142e+01
4.843999999999999773e+01
4.843999999999999773e+01
4.843999999999999773e+01
4.897999999999999687e+01
4.934000000000000341e+01
4.934000000000000341e+01
4.934000000000000341e+01
4.954999999999999716e+01
5.039000000000000057e+01
5.135000000000000142e+01
5.150000000000000000e+01
5.165999999999999659e+01
5.210000000000000142e+01
5.235999999999999943e+01
5.235999999999999943e+01
5.281000000000000227e+01
5.315999999999999659e+01
5.353000000000000114e+01
5.356000000000000227e+01
5.381000000000000227e+01
5.417999999999999972e+01
5.417999999999999972e+01
5.438000000000000256e+01
5.438000000000000256e+01
5.446999999999999886e+01
5.478000000000000114e+01
5.478000000000000114e+01
5.564999999999999858e+01
5.577000000000000313e+01
5.660000000000000142e+01
5.804999999999999716e+01
5.864000000000000057e+01
5.864000000000000057e+01
5.942000000000000171e+01
5.942000000000000171e+01
5.960000000000000142e+01
6.034000000000000341e+01
6.034000000000000341e+01
6.089000000000000057e+01
6.161999999999999744e+01
6.220000000000000284e+01
6.243999999999999773e+01
6.243999999999999773e+01
6.243999999999999773e+01
6.250999999999999801e+01
6.340999999999999659e+01
6.386999999999999744e+01
6.423999999999999488e+01
6.423999999999999488e+01
6.423999999999999488e+01
6.423999999999999488e+01
6.423999999999999488e+01
6.518999999999999773e+01
6.646999999999999886e+01
6.704000000000000625e+01
6.743000000000000682e+01
6.831000000000000227e+01
6.831999999999999318e+01
6.912000000000000455e+01
6.932999999999999829e+01
7.017000000000000171e+01
7.017000000000000171e+01
7.056999999999999318e+01
7.056999999999999318e+01
7.056999999999999318e+01
7.056999999999999318e+01
7.056999999999999318e+01
7.103000000000000114e+01
7.103000000000000114e+01
7.103000000000000114e+01
7.103000000000000114e+01
7.146999999999999886e+01
7.176999999999999602e+01
7.229999999999999716e+01
7.270999999999999375e+01
7.270999999999999375e+01
7.270999999999999375e+01
7.345000000000000284e+01
7.350000000000000000e+01
7.600000000000000000e+01
7.654000000000000625e+01
7.807999999999999829e+01
7.835999999999999943e+01
7.943000000000000682e+01
7.990999999999999659e+01
8.032999999999999829e+01
8.164000000000000057e+01
8.198000000000000398e+01
8.267000000000000171e+01
8.268000000000000682e+01
8.268000000000000682e+01
8.268000000000000682e+01
8.268000000000000682e+01
8.268000000000000682e+01
8.268000000000000682e+01
8.268000000000000682e+01
8.279000000000000625e+01
8.306000000000000227e+01
8.306000000000000227e+01
8.306000000000000227e+01
8.306000000000000227e+01
8.306000000000000227e+01
8.306000000000000227e+01
8.306000000000000227e+01
8.306000000000000227e+01
8.306000000000000227e+01
8.306000000000000227e+01
8.306000000000000227e+01
8.306000000000000227e+01
8.306000000000000227e+01
8.509000000000000341e+01
8.509000000000000341e+01
8.509000000000000341e+01
8.557999999999999829e+01
8.562000000000000455e+01
8.584999999999999432e+01
8.646999999999999886e+01
8.659999999999999432e+01
8.773999999999999488e+01
8.875000000000000000e+01
8.909999999999999432e+01
8.909999999999999432e+01
8.929000000000000625e+01
9.009000000000000341e+01
9.071999999999999886e+01
9.159999999999999432e+01
9.218999999999999773e+01
9.218999999999999773e+01
9.218999999999999773e+01
9.218999999999999773e+01
9.218999999999999773e+01
9.218999999999999773e+01
9.218999999999999773e+01
9.218999999999999773e+01
9.323999999999999488e+01
9.337999999999999545e+01
9.420999999999999375e+01
9.420999999999999375e+01
9.535999999999999943e+01
9.535999999999999943e+01
9.601000000000000512e+01
9.601000000000000512e+01
9.726000000000000512e+01
9.823000000000000398e+01
9.826999999999999602e+01
9.826999999999999602e+01
9.826999999999999602e+01
9.826999999999999602e+01
9.826999999999999602e+01
9.829999999999999716e+01
9.885999999999999943e+01
1.005100000000000051e+02
1.026299999999999955e+02
1.027399999999999949e+02
1.027399999999999949e+02
1.038400000000000034e+02
1.043299999999999983e+02
1.046299999999999955e+02
1.056800000000000068e+02
1.056800000000000068e+02
1.065600000000000023e+02
1.079300000000000068e+02
1.079899999999999949e+02
1.097900000000000063e+02
1.101099999999999994e+02
1.110799999999999983e+02
1.110799999999999983e+02
1.110799999999999983e+02
1.110900000000000034e+02
1.110900000000000034e+02
1.110900000000000034e+02
1.119599999999999937e+02
1.119599999999999937e+02
1.119599999999999937e+02
1.130499999999999972e+02
1.140600000000000023e+02
1.152699999999999960e+02
1.159699999999999989e+02
1.159699999999999989e+02
1.159699999999999989e+02
1.163599999999999994e+02
1.175199999999999960e+02
1.175199999999999960e+02
1.175199999999999960e+02
1.175199999999999960e+02
1.175199999999999960e+02
1.175199999999999960e+02
1.175199999999999960e+02
1.175699999999999932e+02
1.188299999999999983e+02
1.204200000000000017e+02
1.204200000000000017e+02
1.209699999999999989e+02
1.209699999999999989e+02
1.209699999999999989e+02
1.227500000000000000e+02
1.227500000000000000e+02
1.227500000000000000e+02
1.227500000000000000e+02
1.227500000000000000e+02
1.227500000000000000e+02
1.227500000000000000e+02
1.227500000000000000e+02
1.227500000000000000e+02
1.227500000000000000e+02
1.227500000000000000e+02
1.227500000000000000e+02
1.227500000000000000e+02
1.227500000000000000e+02
1.227500000000000000e+02
1.227500000000000000e+02
1.227500000000000000e+02
1.227500000000000000e+02
1.227500000000000000e+02
1.227500000000000000e+02
1.227500000000000000e+02
1.227500000000000000e+02
1.227500000000000000e+02
1.227500000000000000e+02
1.227500000000000000e+02
1.227500000000000000e+02
1.227500000000000000e+02
1.227500000000000000e+02
1.227500000000000000e+02
1.227500000000000000e+02
1.227500000000000000e+02
1.228299999999999983e+02
1.237900000000000063e+02
1.257099999999999937e+02
1.265799999999999983e+02
1.265799999999999983e+02
1.265799999999999983e+02
1.265799999999999983e+02
1.271400000000000006e+02
1.273900000000000006e+02
1.273900000000000006e+02
1.273900000000000006e+02
1.273900000000000006e+02
1.273900000000000006e+02
1.273900000000000006e+02
1.273900000000000006e+02
1.273900000000000006e+02
1.273900000000000006e+02
1.273900000000000006e+02
1.273900000000000006e+02
1.273900000000000006e+02
1.280200000000000102e+02
1.283600000000000136e+02
1.283600000000000136e+02
1.291399999999999864e+02
1.291399999999999864e+02
1.301699999999999875e+02
1.317599999999999909e+02
1.317599999999999909e+02
1.318400000000000034e+02
1.318400000000000034e+02
1.319900000000000091e+02
1.326399999999999864e+02
1.332500000000000000e+02
1.334799999999999898e+02
1.351800000000000068e+02
1.362899999999999920e+02
1.362899999999999920e+02
1.362899999999999920e+02
1.364099999999999966e+02
1.394000000000000057e+02
1.396899999999999977e+02
1.402700000000000102e+02
1.405399999999999920e+02
1.405399999999999920e+02
1.405399999999999920e+02
1.417500000000000000e+02
1.418100000000000023e+02
1.427100000000000080e+02
1.444600000000000080e+02
1.452800000000000011e+02
1.453499999999999943e+02
1.454600000000000080e+02
1.464099999999999966e+02
1.482800000000000011e+02
1.487700000000000102e+02
1.487700000000000102e+02
1.493400000000000034e+02
1.518700000000000045e+02
1.519099999999999966e+02
1.519099999999999966e+02
1.543100000000000023e+02
1.549099999999999966e+02
1.549099999999999966e+02
1.551800000000000068e+02
1.568100000000000023e+02
1.568100000000000023e+02
1.571999999999999886e+02
1.571999999999999886e+02
1.571999999999999886e+02
1.571999999999999886e+02
1.574699999999999989e+02
1.596200000000000045e+02
1.609099999999999966e+02
1.622800000000000011e+02
1.645000000000000000e+02
1.645000000000000000e+02
1.647500000000000000e+02
1.655900000000000034e+02
1.655900000000000034e+02
1.655900000000000034e+02
1.655900000000000034e+02
1.655900000000000034e+02
1.658300000000000125e+02
1.658899999999999864e+02
1.658899999999999864e+02
1.658899999999999864e+02
1.658899999999999864e+02
1.658899999999999864e+02
1.668499999999999943e+02
1.668499999999999943e+02
1.668499999999999943e+02
1.668499999999999943e+02
1.668499999999999943e+02
1.668499999999999943e+02
1.673899999999999864e+02
1.673899999999999864e+02
1.673899999999999864e+02
1.679499999999999886e+02
1.679499999999999886e+02
1.679499999999999886e+02
1.679499999999999886e+02
1.679499999999999886e+02
1.679499999999999886e+02
1.679499999999999886e+02
1.679499999999999886e+02
1.679499999999999886e+02
1.679499999999999886e+02
1.679499999999999886e+02
1.679499999999999886e+02
1.679499999999999886e+02
1.679499999999999886e+02
1.679499999999999886e+02
1.679499999999999886e+02
1.679499999999999886e+02
1.679499999999999886e+02
1.679499999999999886e+02
1.679499999999999886e+02
1.679499999999999886e+02
1.679499999999999886e+02
1.679499999999999886e+02
1.679499999999999886e+02
1.679499999999999886e+02
1.679499999999999886e+02
1.679499999999999886e+02
1.679499999999999886e+02
1.679499999999999886e+02
1.679499999999999886e+02
1.679499999999999886e+02
1.679499999999999886e+02
1.679499999999999886e+02
1.679499999999999886e+02
1.679499999999999886e+02
1.679499999999999886e+02
1.679499999999999886e+02
1.679499999999999886e+02
1.679499999999999886e+02
1.679499999999999886e+02
1.679499999999999886e+02
1.683600000000000136e+02
1.704900000000000091e+02
1.706500000000000057e+02
1.708000000000000114e+02
1.709799999999999898e+02
1.709799999999999898e+02
1.709799999999999898e+02
1.724499999999999886e+02
1.735399999999999920e+02
1.739199999999999875e+02
1.740399999999999920e+02
1.753799999999999955e+02
1.760200000000000102e+02
1.777899999999999920e+02
1.791699999999999875e+02
1.791699999999999875e+02
1.804199999999999875e+02
1.831999999999999886e+02
1.835800000000000125e+02
1.837500000000000000e+02
1.850999999999999943e+02
1.850999999999999943e+02
1.862599999999999909e+02
1.880699999999999932e+02
1.884499999999999886e+02
1.908499999999999943e+02
1.908499999999999943e+02
1.908499999999999943e+02
1.908499999999999943e+02
1.913000000000000114e+02
1.913000000000000114e+02
1.923899999999999864e+02
1.923899999999999864e+02
1.930500000000000114e+02
1.943799999999999955e+02
1.952700000000000102e+02
1.965200000000000102e+02
1.972800000000000011e+02
1.972800000000000011e+02
1.973700000000000045e+02
1.992400000000000091e+02
1.992400000000000091e+02
1.995500000000000114e+02
1.995500000000000114e+02
1.998600000000000136e+02
1.998600000000000136e+02
1.998600000000000136e+02
1.998600000000000136e+02
1.998600000000000136e+02
1.998600000000000136e+02
1.998600000000000136e+02
1.998600000000000136e+02
1.998600000000000136e+02
1.998600000000000136e+02
1.998600000000000136e+02
1.998600000000000136e+02
