nan
nan
-inf
-inf
-inf
-inf
-inf
-inf
-inf
-inf
-inf
-inf
-inf
-inf
-inf
-inf
-inf
-inf
-inf
-inf
-inf
-inf
-inf
-inf
-inf
-inf
-inf
-inf
-inf
-inf
-inf
-inf
-inf
-inf
-inf
-inf
-inf
-inf
-inf
-inf
-inf
-inf
-inf
-inf
-inf
-inf
-inf
-inf
-inf
-inf
-inf
-inf
-inf
-inf
-inf
-inf
-inf
-inf
-inf
-inf
-inf
-inf
-inf
-inf
-inf
-inf
-inf
-inf
-inf
-inf
-inf
-inf
-inf
-inf
-inf
-inf
-inf
-inf
-inf
-inf
-inf
-inf
-inf
-inf
-9.657349853515625000e+02
-9.668045654296875000e+02
-9.686940917968750000e+02
-9.681240234375000000e+02
-9.666241455078125000e+02
-9.660065917968750000e+02
-9.668745117187500000e+02
-9.673602294921875000e+02
-9.660705566406250000e+02
-9.686027832031250000e+02
-9.672047119140625000e+02
-9.677328491210937500e+02
-9.686537475585937500e+02
-9.654134521484375000e+02
-9.658150024414062500e+02
-9.678418579101562500e+02
-9.669624023437500000e+02
-9.663120117187500000e+02
-9.671522216796875000e+02
-9.681984863281250000e+02
-9.673127441406250000e+02
-9.670802001953125000e+02
-9.662414550781250000e+02
-9.662669067382812500e+02
-9.670752563476562500e+02
-9.672065429687500000e+02
-9.665838623046875000e+02
-9.678507690429687500e+02
-9.677236328125000000e+02
-9.667758789062500000e+02
-9.659272460937500000e+02
-9.659554443359375000e+02
-9.672460937500000000e+02
-9.666538085937500000e+02
-9.677516479492187500e+02
-9.656342773437500000e+02
-9.663352050781250000e+02
-9.668967895507812500e+02
-9.674118652343750000e+02
-9.675778808593750000e+02
-9.660897216796875000e+02
-9.680524902343750000e+02
-9.667834472656250000e+02
-9.660827026367187500e+02
-9.664732055664062500e+02
-9.660800781250000000e+02
-9.668496093750000000e+02
-9.656715698242187500e+02
-9.651213378906250000e+02
-9.682472534179687500e+02
-9.679300537109375000e+02
-9.672524414062500000e+02
-9.656097412109375000e+02
-9.645655517578125000e+02
-9.662802734375000000e+02
-9.661623535156250000e+02
-9.653692626953125000e+02
-9.695195312500000000e+02
-9.657072753906250000e+02
-9.636620483398437500e+02
-9.664484863281250000e+02
-9.642227172851562500e+02
-9.625870971679687500e+02
-9.655362548828125000e+02
-9.639949951171875000e+02
-9.665950317382812500e+02
-9.625271606445312500e+02
-9.637443847656250000e+02
-9.651822509765625000e+02
-9.641875000000000000e+02
-9.690540771484375000e+02
-9.627237548828125000e+02
-9.645975341796875000e+02
-9.611734619140625000e+02
-9.660203857421875000e+02
-9.647942504882812500e+02
-9.634310913085937500e+02
-9.599347534179687500e+02
-9.647875976562500000e+02
-9.625769653320312500e+02
-9.682039794921875000e+02
-9.657933349609375000e+02
-9.713425292968750000e+02
-9.583090209960937500e+02
-9.673072509765625000e+02
-9.620294189453125000e+02
-9.651859741210937500e+02
-9.612928466796875000e+02
-9.642539062500000000e+02
-9.576352539062500000e+02
-9.660717773437500000e+02
-9.651704101562500000e+02
-9.618626708984375000e+02
-9.632897949218750000e+02
-9.630133666992187500e+02
-9.622259521484375000e+02
-9.644735107421875000e+02
-9.573376464843750000e+02
-9.613626708984375000e+02
-9.630880126953125000e+02
-9.614743652343750000e+02
-9.626396484375000000e+02
-9.599685058593750000e+02
-9.604014892578125000e+02
-9.553336181640625000e+02
-9.582948608398437500e+02
-9.668620605468750000e+02
-9.644008789062500000e+02
-9.538947753906250000e+02
-9.678636474609375000e+02
-9.619388427734375000e+02
-9.624782714843750000e+02
-9.629210205078125000e+02
-9.579188232421875000e+02
-9.609931640625000000e+02
-9.672922363281250000e+02
-9.625205078125000000e+02
-9.655391235351562500e+02
-9.658475341796875000e+02
-9.659019775390625000e+02
-9.593344116210937500e+02
-9.517917480468750000e+02
-9.574483642578125000e+02
-9.583762817382812500e+02
-9.602889404296875000e+02
-9.624568481445312500e+02
-9.649682006835937500e+02
-9.603253784179687500e+02
-9.531287841796875000e+02
-9.571683959960937500e+02
-9.565203857421875000e+02
-9.612188110351562500e+02
-9.622698974609375000e+02
-9.650466918945312500e+02
-9.616038818359375000e+02
-9.520093383789062500e+02
-9.591781005859375000e+02
-9.607381591796875000e+02
-9.579373779296875000e+02
-9.659405517578125000e+02
-9.563079833984375000e+02
-9.438092041015625000e+02
-9.587442626953125000e+02
-9.642374267578125000e+02
-9.629672851562500000e+02
-9.678918457031250000e+02
-9.646562500000000000e+02
-9.640855712890625000e+02
-9.612762451171875000e+02
-9.579563598632812500e+02
-9.565698242187500000e+02
-9.446246337890625000e+02
-9.570830688476562500e+02
-9.615432739257812500e+02
-9.505594482421875000e+02
-9.668800659179687500e+02
-9.665881347656250000e+02
-9.434739990234375000e+02
-9.631293334960937500e+02
-9.582648925781250000e+02
-9.544149169921875000e+02
-9.618198242187500000e+02
-9.554123535156250000e+02
-9.515588378906250000e+02
-9.609622802734375000e+02
-9.615981445312500000e+02
-9.562476196289062500e+02
-9.491706542968750000e+02
-9.497573852539062500e+02
-9.552410278320312500e+02
-9.537269897460937500e+02
-9.585919799804687500e+02
-9.532655029296875000e+02
-9.498018798828125000e+02
-9.600310058593750000e+02
-9.504750976562500000e+02
-9.537702636718750000e+02
-9.641716308593750000e+02
-9.546678466796875000e+02
-9.554794311523437500e+02
-9.642819213867187500e+02
-9.459997558593750000e+02
-9.642617187500000000e+02
-9.656628417968750000e+02
-9.554899902343750000e+02
-9.600693359375000000e+02
-9.523458862304687500e+02
-9.603981933593750000e+02
-9.562380371093750000e+02
-9.610727539062500000e+02
-9.631454467773437500e+02
-9.511147460937500000e+02
-9.664903564453125000e+02
-9.627551879882812500e+02
-9.542187500000000000e+02
-9.548610839843750000e+02
-9.510887451171875000e+02
-9.602225952148437500e+02
-9.502034912109375000e+02
-9.551151123046875000e+02
-9.450745239257812500e+02
-9.443566894531250000e+02
-9.552526855468750000e+02
-9.511845092773437500e+02
-9.503005371093750000e+02
-9.595375976562500000e+02
-9.612597656250000000e+02
-9.566132202148437500e+02
-9.505411376953125000e+02
-9.488322753906250000e+02
-9.633381347656250000e+02
-9.552736816406250000e+02
-9.378747558593750000e+02
-9.450736083984375000e+02
-9.377529296875000000e+02
-9.580546875000000000e+02
-9.491214599609375000e+02
-9.467642211914062500e+02
-9.533376464843750000e+02
-9.534729614257812500e+02
-9.543672485351562500e+02
-9.632789306640625000e+02
-9.507390136718750000e+02
-9.401065673828125000e+02
-9.341625976562500000e+02
-9.593171386718750000e+02
-9.514198608398437500e+02
-9.560521240234375000e+02
-9.507875976562500000e+02
-9.557526855468750000e+02
-9.459005126953125000e+02
-9.553458862304687500e+02
-9.574758911132812500e+02
-9.507745971679687500e+02
-9.496843261718750000e+02
-9.397905273437500000e+02
-9.469090576171875000e+02
-9.453300781250000000e+02
-9.523285522460937500e+02
-9.610949707031250000e+02
-9.524714355468750000e+02
-9.308555908203125000e+02
-9.603760986328125000e+02
-9.571981201171875000e+02
-9.620194091796875000e+02
-9.526284179687500000e+02
-9.551225585937500000e+02
-9.425457153320312500e+02
-9.518527832031250000e+02
-9.576938476562500000e+02
-9.433454589843750000e+02
-9.556989746093750000e+02
-9.368902587890625000e+02
-9.412630615234375000e+02
-9.511270141601562500e+02
-9.476624145507812500e+02
-9.519316406250000000e+02
-9.568886718750000000e+02
-9.523236083984375000e+02
-9.576900634765625000e+02
-9.527597045898437500e+02
-9.457902832031250000e+02
-9.472884521484375000e+02
-9.553337402343750000e+02
-9.511234741210937500e+02
-9.480019531250000000e+02
-9.575503540039062500e+02
-9.577501220703125000e+02
-9.569815673828125000e+02
-9.337769775390625000e+02
-9.403256835937500000e+02
-9.414530029296875000e+02
-9.257386474609375000e+02
-9.494501953125000000e+02
-9.490926513671875000e+02
-9.427955322265625000e+02
-9.515035400390625000e+02
-9.569990234375000000e+02
-9.462320556640625000e+02
-9.618760986328125000e+02
-9.368716430664062500e+02
-9.376127929687500000e+02
-9.497480468750000000e+02
-9.356404418945312500e+02
-9.300194091796875000e+02
-9.504256591796875000e+02
-9.373742675781250000e+02
-9.555136108398437500e+02
-9.101740722656250000e+02
-9.562355957031250000e+02
-9.487388916015625000e+02
-9.256055297851562500e+02
-9.568231201171875000e+02
-9.347144165039062500e+02
-9.547236328125000000e+02
-9.588454589843750000e+02
-9.443691406250000000e+02
-9.408322143554687500e+02
-9.410330810546875000e+02
-9.600213012695312500e+02
-9.516625366210937500e+02
-9.564602661132812500e+02
-9.352530517578125000e+02
-9.447084350585937500e+02
-9.487890625000000000e+02
-9.459784545898437500e+02
-9.408369750976562500e+02
-9.326077880859375000e+02
-9.402596435546875000e+02
-9.403162841796875000e+02
-9.510733642578125000e+02
-9.568911132812500000e+02
-9.084384765625000000e+02
-8.987152099609375000e+02
-9.427023925781250000e+02
-9.466376342773437500e+02
-9.376478881835937500e+02
-9.567457275390625000e+02
-9.173977661132812500e+02
-9.424443359375000000e+02
-9.241446533203125000e+02
-9.327041015625000000e+02
-9.182710571289062500e+02
-9.386182861328125000e+02
-9.338997192382812500e+02
-9.274369506835937500e+02
-9.543167114257812500e+02
-9.445087280273437500e+02
-9.473068237304687500e+02
-9.576139526367187500e+02
-9.633106689453125000e+02
-9.267360839843750000e+02
-9.432218627929687500e+02
-9.221014404296875000e+02
-9.143609619140625000e+02
-9.213247070312500000e+02
-8.920726928710937500e+02
-9.429052734375000000e+02
-9.232557373046875000e+02
-9.362340087890625000e+02
-9.364213867187500000e+02
-9.401096801757812500e+02
-9.003211059570312500e+02
-9.425277099609375000e+02
-9.316228637695312500e+02
-9.484110107421875000e+02
-9.278361206054687500e+02
-9.276617431640625000e+02
-9.501243896484375000e+02
-9.417418212890625000e+02
-9.461838378906250000e+02
-9.279614868164062500e+02
-9.535524902343750000e+02
-9.237023925781250000e+02
-9.389010009765625000e+02
-9.171258544921875000e+02
-9.472273559570312500e+02
-9.190439453125000000e+02
-9.344435424804687500e+02
-9.358008422851562500e+02
-9.424394531250000000e+02
-9.138646240234375000e+02
-9.544147949218750000e+02
-9.211619873046875000e+02
-9.561040039062500000e+02
-9.261861572265625000e+02
-9.220668945312500000e+02
-9.559707031250000000e+02
-9.497890625000000000e+02
-9.402065429687500000e+02
-9.389567260742187500e+02
-9.437302856445312500e+02
-9.488723144531250000e+02
-9.372616577148437500e+02
-9.442421875000000000e+02
-9.357388916015625000e+02
-9.398333740234375000e+02
-8.901741943359375000e+02
-9.246402587890625000e+02
-9.160045776367187500e+02
-9.462716064453125000e+02
-9.011221313476562500e+02
-9.299442138671875000e+02
-9.313094482421875000e+02
-9.494090576171875000e+02
-9.497592773437500000e+02
-9.374268188476562500e+02
-9.392203369140625000e+02
-9.132679443359375000e+02
-9.445325927734375000e+02
-9.518387451171875000e+02
-9.309650268554687500e+02
-9.592642822265625000e+02
-9.412570800781250000e+02
-9.407447509765625000e+02
-9.082349243164062500e+02
-9.485407714843750000e+02
-9.384221191406250000e+02
-9.300119628906250000e+02
-9.333660888671875000e+02
-9.275328369140625000e+02
-9.418670654296875000e+02
-9.194376220703125000e+02
-9.385571289062500000e+02
-9.227808837890625000e+02
-9.358198242187500000e+02
-9.263380126953125000e+02
-9.224714965820312500e+02
-9.313275146484375000e+02
-9.414915771484375000e+02
-8.796995239257812500e+02
-9.282916259765625000e+02
-9.534893798828125000e+02
-9.286710205078125000e+02
-9.376912841796875000e+02
-9.451159667968750000e+02
-9.300782470703125000e+02
-9.300528564453125000e+02
-8.903073730468750000e+02
-9.299693603515625000e+02
-9.044763183593750000e+02
-9.469772338867187500e+02
-9.441234130859375000e+02
-9.240195922851562500e+02
-9.518595581054687500e+02
-9.382638549804687500e+02
-9.172642822265625000e+02
-9.034667968750000000e+02
-9.194775390625000000e+02
-9.423319091796875000e+02
-9.414219360351562500e+02
-9.312204589843750000e+02
-8.902365112304687500e+02
-9.329987792968750000e+02
-9.450408935546875000e+02
-9.239440917968750000e+02
-9.089592285156250000e+02
-9.406482543945312500e+02
-9.185776367187500000e+02
-9.513408813476562500e+02
-9.568964843750000000e+02
-9.020477294921875000e+02
-9.235292358398437500e+02
-9.298016967773437500e+02
-9.417108154296875000e+02
-9.450731201171875000e+02
-9.272139892578125000e+02
-9.095172119140625000e+02
-9.554318847656250000e+02
-9.435531005859375000e+02
-9.114067993164062500e+02
-9.217792968750000000e+02
-9.282915649414062500e+02
-9.073778686523437500e+02
-9.395177001953125000e+02
-9.233266601562500000e+02
-9.352819824218750000e+02
-9.189254150390625000e+02
-9.264550781250000000e+02
-9.193837890625000000e+02
-9.410394287109375000e+02
-9.256177978515625000e+02
-9.026895141601562500e+02
-9.263631591796875000e+02
-9.223442382812500000e+02
-9.292783203125000000e+02
-9.234913940429687500e+02
-9.231306152343750000e+02
-9.305852050781250000e+02
-9.328389892578125000e+02
-9.047881469726562500e+02
-9.089694824218750000e+02
-8.880463867187500000e+02
-9.221918945312500000e+02
-8.853750610351562500e+02
-9.434907226562500000e+02
-9.123796997070312500e+02
-9.305592041015625000e+02
-9.424843750000000000e+02
-9.497258911132812500e+02
-9.062309570312500000e+02
-9.121817626953125000e+02
-9.023767089843750000e+02
-9.473485107421875000e+02
-9.471494140625000000e+02
-9.334177856445312500e+02
-8.877250976562500000e+02
-9.445208740234375000e+02
-9.060858764648437500e+02
-9.152443847656250000e+02
-9.580073242187500000e+02
-9.454133300781250000e+02
-9.558153076171875000e+02
-9.020637207031250000e+02
-9.391783447265625000e+02
-9.004390869140625000e+02
-9.166474609375000000e+02
-9.430463867187500000e+02
-9.457196044921875000e+02
-9.245697021484375000e+02
-9.049663085937500000e+02
-9.379353027343750000e+02
-9.093883056640625000e+02
-9.422672729492187500e+02
-9.125739746093750000e+02
-9.324959716796875000e+02
-9.074316406250000000e+02
-9.211705932617187500e+02
-9.144721679687500000e+02
-9.263700561523437500e+02
-9.345603027343750000e+02
-9.100311279296875000e+02
-9.307617187500000000e+02
-9.308219604492187500e+02
-9.108826904296875000e+02
-8.965688476562500000e+02
-9.247513427734375000e+02
-9.045963134765625000e+02
-9.279969482421875000e+02
-9.493208007812500000e+02
-9.010554199218750000e+02
-9.194662475585937500e+02
-9.457191162109375000e+02
-9.464549560546875000e+02
-9.239523315429687500e+02
-9.303970947265625000e+02
-9.390757446289062500e+02
-9.337468261718750000e+02
-9.059076538085937500e+02
-9.172772216796875000e+02
-8.994439086914062500e+02
-9.211190185546875000e+02
-9.231962280273437500e+02
-8.842856445312500000e+02
-9.103620605468750000e+02
-9.114431762695312500e+02
-9.358418579101562500e+02
-8.980595092773437500e+02
-9.063482666015625000e+02
-9.260465087890625000e+02
-9.212089233398437500e+02
-9.122872314453125000e+02
-9.461205444335937500e+02
-9.052548828125000000e+02
-9.031949462890625000e+02
-9.011663818359375000e+02
-9.399186401367187500e+02
-9.120315551757812500e+02
-9.136800537109375000e+02
-8.802227783203125000e+02
-9.156685791015625000e+02
-9.458695678710937500e+02
-9.139768066406250000e+02
-9.140169677734375000e+02
-9.437583618164062500e+02
-9.459567871093750000e+02
-9.392164306640625000e+02
-8.529029541015625000e+02
-8.850513916015625000e+02
-9.215226440429687500e+02
-9.191076660156250000e+02
-9.448464355468750000e+02
-9.224147949218750000e+02
-8.795575561523437500e+02
-8.987754516601562500e+02
-9.090570068359375000e+02
-9.019490966796875000e+02
-9.571582031250000000e+02
-8.674478759765625000e+02
-9.522484130859375000e+02
-9.471165771484375000e+02
-9.120289916992187500e+02
-9.493803710937500000e+02
-9.179703979492187500e+02
-9.140083007812500000e+02
-9.058955078125000000e+02
-8.687036132812500000e+02
-9.035112304687500000e+02
-9.212473144531250000e+02
-9.105504150390625000e+02
-9.444599609375000000e+02
-9.043015136718750000e+02
-9.160317382812500000e+02
-9.203220214843750000e+02
-8.863684692382812500e+02
-9.209923095703125000e+02
-9.090041503906250000e+02
-9.223975830078125000e+02
-9.459418334960937500e+02
-8.946226806640625000e+02
-9.264595947265625000e+02
-9.350833129882812500e+02
-9.111552734375000000e+02
-9.421602783203125000e+02
-9.011683959960937500e+02
-9.180764160156250000e+02
-9.084834594726562500e+02
-9.348268432617187500e+02
-9.490894165039062500e+02
-8.983432006835937500e+02
-9.345258789062500000e+02
-9.210036621093750000e+02
-9.268706054687500000e+02
-8.917642822265625000e+02
-8.794152832031250000e+02
-9.147783203125000000e+02
-9.292886962890625000e+02
-9.236949462890625000e+02
-9.282073364257812500e+02
-9.167805786132812500e+02
-8.892253417968750000e+02
-9.483443603515625000e+02
-9.263201904296875000e+02
-8.878314819335937500e+02
-8.981785888671875000e+02
-8.770144042968750000e+02
-9.173603515625000000e+02
-9.377702636718750000e+02
-8.908482055664062500e+02
-9.221549072265625000e+02
-9.405537719726562500e+02
-8.726175537109375000e+02
-9.043597412109375000e+02
-9.111697998046875000e+02
-9.141423950195312500e+02
-9.101268310546875000e+02
-8.953320312500000000e+02
-9.163063964843750000e+02
-9.534539184570312500e+02
-8.504995117187500000e+02
-8.870010986328125000e+02
-8.912860717773437500e+02
-9.085225830078125000e+02
-8.700848999023437500e+02
-9.139576416015625000e+02
-9.119530639648437500e+02
-9.283612060546875000e+02
-8.938788452148437500e+02
-8.781547851562500000e+02
-8.616488647460937500e+02
-9.080490112304687500e+02
-8.767407836914062500e+02
-8.785677490234375000e+02
-9.088173828125000000e+02
-9.224700927734375000e+02
-8.928936157226562500e+02
-9.090996704101562500e+02
-9.101386718750000000e+02
-9.067651367187500000e+02
-9.213638305664062500e+02
-8.910323486328125000e+02
-9.144465332031250000e+02
-9.203287353515625000e+02
-8.970654296875000000e+02
-8.911856079101562500e+02
-9.050424194335937500e+02
-9.233259277343750000e+02
-8.963990478515625000e+02
-9.144747314453125000e+02
-9.338600463867187500e+02
-9.359732666015625000e+02
-8.831712036132812500e+02
-9.187750244140625000e+02
-9.148381347656250000e+02
-9.306478271484375000e+02
-8.787791748046875000e+02
-9.130745849609375000e+02
-8.961437988281250000e+02
-9.150844116210937500e+02
-8.993858642578125000e+02
-9.079114990234375000e+02
-9.188975219726562500e+02
-8.752734375000000000e+02
-9.053226318359375000e+02
-9.088496093750000000e+02
-8.857657470703125000e+02
-9.184832763671875000e+02
-8.938581542968750000e+02
-8.379323730468750000e+02
-9.131851806640625000e+02
-9.128803710937500000e+02
-8.801688232421875000e+02
-8.944326171875000000e+02
-8.998554077148437500e+02
-9.521256713867187500e+02
-9.374788208007812500e+02
-8.496481933593750000e+02
-9.420773315429687500e+02
-9.181629028320312500e+02
-9.229627685546875000e+02
-8.565583496093750000e+02
-9.054691772460937500e+02
-9.447203369140625000e+02
-8.925281372070312500e+02
-9.068197021484375000e+02
-9.210579833984375000e+02
-9.204579467773437500e+02
-9.160652465820312500e+02
-9.281042480468750000e+02
-8.887666625976562500e+02
-8.836372070312500000e+02
-9.358361206054687500e+02
-9.012499389648437500e+02
-8.794541625976562500e+02
-9.049984130859375000e+02
-8.514726562500000000e+02
-8.409329833984375000e+02
-8.618530273437500000e+02
-8.931835327148437500e+02
-9.063225708007812500e+02
-9.126898193359375000e+02
-8.908804321289062500e+02
-8.949697875976562500e+02
-9.418726806640625000e+02
-9.131735229492187500e+02
-8.868229980468750000e+02
-9.019864501953125000e+02
-9.045314331054687500e+02
-8.138192138671875000e+02
-9.148709716796875000e+02
-8.565671386718750000e+02
-8.410787353515625000e+02
-9.146164550781250000e+02
-8.842713623046875000e+02
-8.605273437500000000e+02
-9.277183837890625000e+02
-9.015183105468750000e+02
-8.732507324218750000e+02
-9.184106445312500000e+02
-8.676921386718750000e+02
-9.251663818359375000e+02
-8.717381591796875000e+02
-8.614176025390625000e+02
-9.149339599609375000e+02
-9.491995849609375000e+02
-9.181413574218750000e+02
-9.005705566406250000e+02
-9.193886718750000000e+02
-8.290241699218750000e+02
-8.782470703125000000e+02
-9.063894042968750000e+02
-9.572971191406250000e+02
-9.081672363281250000e+02
-9.154935913085937500e+02
-8.957218017578125000e+02
-9.237223510742187500e+02
-8.470411376953125000e+02
-9.482759399414062500e+02
-8.949363403320312500e+02
-8.866456298828125000e+02
-9.400418701171875000e+02
-9.086036376953125000e+02
-9.092205200195312500e+02
-8.940555419921875000e+02
-9.003453979492187500e+02
-9.062523193359375000e+02
-9.141947021484375000e+02
-9.460623779296875000e+02
-8.959350585937500000e+02
-8.869527587890625000e+02
-8.986462402343750000e+02
-9.182294921875000000e+02
-8.968571166992187500e+02
-9.227490844726562500e+02
-8.822963256835937500e+02
-8.634479370117187500e+02
-9.059430541992187500e+02
-8.348731689453125000e+02
-8.847744750976562500e+02
-8.993296508789062500e+02
-8.558485107421875000e+02
-9.118870239257812500e+02
-8.818759765625000000e+02
-9.069432373046875000e+02
-9.003830566406250000e+02
-9.325827636718750000e+02
-8.873282470703125000e+02
-8.633710937500000000e+02
-9.155117797851562500e+02
-8.892211914062500000e+02
-8.985114746093750000e+02
-9.054088134765625000e+02
-8.947456665039062500e+02
-8.940188598632812500e+02
-8.574523925781250000e+02
-8.796320190429687500e+02
-9.054332275390625000e+02
-9.202556152343750000e+02
-8.665607910156250000e+02
-8.691192016601562500e+02
-9.076826171875000000e+02
-8.657888183593750000e+02
-8.746820068359375000e+02
-8.940809936523437500e+02
-8.783908691406250000e+02
-9.092553710937500000e+02
-9.047510986328125000e+02
-9.040256347656250000e+02
-8.995126953125000000e+02
-8.877814941406250000e+02
-8.584743652343750000e+02
-8.811167602539062500e+02
-8.495690307617187500e+02
-8.995292968750000000e+02
-8.508137207031250000e+02
-9.181706542968750000e+02
-8.673138427734375000e+02
-8.678966064453125000e+02
-8.984274291992187500e+02
-8.971528930664062500e+02
-8.723671875000000000e+02
-8.783950195312500000e+02
-8.511420288085937500e+02
-9.118289794921875000e+02
-8.947196044921875000e+02
-8.962448120117187500e+02
-8.636156616210937500e+02
-8.758208618164062500e+02
-8.690884399414062500e+02
-8.617570190429687500e+02
-9.112102050781250000e+02
-8.590700683593750000e+02
-9.043952636718750000e+02
-9.241186523437500000e+02
-8.850385131835937500e+02
-9.008305053710937500e+02
-8.811048583984375000e+02
-9.095507812500000000e+02
-9.267061767578125000e+02
-9.130651855468750000e+02
-8.638516845703125000e+02
-8.686381835937500000e+02
-8.793273925781250000e+02
-8.496975097656250000e+02
-9.205413818359375000e+02
-9.116408691406250000e+02
-8.826613769531250000e+02
-8.674576416015625000e+02
-8.583196411132812500e+02
-8.760272827148437500e+02
-9.070720214843750000e+02
-8.838319091796875000e+02
-9.183202514648437500e+02
-8.614367675781250000e+02
-8.986240844726562500e+02
-8.795609130859375000e+02
-8.930693359375000000e+02
-8.660825195312500000e+02
-9.089411621093750000e+02
-9.025192871093750000e+02
-9.150725097656250000e+02
-8.696207885742187500e+02
-8.923377685546875000e+02
-8.860489501953125000e+02
-9.039562377929687500e+02
-8.835730590820312500e+02
-8.704427490234375000e+02
-9.221458740234375000e+02
-9.087265014648437500e+02
-8.962322998046875000e+02
-8.791348876953125000e+02
-8.795985107421875000e+02
-9.325262451171875000e+02
-8.787815551757812500e+02
-8.404093017578125000e+02
-8.353773193359375000e+02
-9.055190429687500000e+02
-8.659339599609375000e+02
-8.933712158203125000e+02
-9.264641113281250000e+02
-8.981573486328125000e+02
-8.840097656250000000e+02
-8.880910644531250000e+02
-8.419443359375000000e+02
-8.595325927734375000e+02
-8.674537353515625000e+02
-8.652625732421875000e+02
-8.968256835937500000e+02
-9.187386474609375000e+02
-8.422307128906250000e+02
-8.789670410156250000e+02
-9.261103515625000000e+02
-8.858770751953125000e+02
-8.766704101562500000e+02
-9.235371704101562500e+02
-8.596236572265625000e+02
-9.109471435546875000e+02
-8.883132934570312500e+02
-8.813468017578125000e+02
-9.177387695312500000e+02
-8.894409790039062500e+02
-9.208369140625000000e+02
-8.623710937500000000e+02
-8.804058837890625000e+02
-8.798703613281250000e+02
-9.190498046875000000e+02
-8.703685302734375000e+02
-9.144327392578125000e+02
-8.852680053710937500e+02
-8.704010009765625000e+02
-8.852330322265625000e+02
-8.908693847656250000e+02
-8.792481689453125000e+02
-9.059901123046875000e+02
-8.454505615234375000e+02
-8.840750732421875000e+02
-8.712902221679687500e+02
-8.694146728515625000e+02
-8.937315673828125000e+02
-8.542097778320312500e+02
-8.407961425781250000e+02
-8.229442138671875000e+02
-8.698701782226562500e+02
-8.526104736328125000e+02
-9.287056884765625000e+02
-8.093681640625000000e+02
-8.742200927734375000e+02
-8.683335571289062500e+02
-8.571184082031250000e+02
-8.461306762695312500e+02
-8.741669921875000000e+02
-8.734692382812500000e+02
-8.945643920898437500e+02
-8.589528808593750000e+02
-9.221868286132812500e+02
-8.384268798828125000e+02
-8.859456787109375000e+02
-8.624825439453125000e+02
-8.374987792968750000e+02
-8.693045043945312500e+02
-8.620571899414062500e+02
-8.702408447265625000e+02
-8.476995239257812500e+02
-8.614840087890625000e+02
-8.615837402343750000e+02
-8.287287597656250000e+02
-8.590051269531250000e+02
-9.024177856445312500e+02
-8.889772949218750000e+02
-8.794028930664062500e+02
-9.135054931640625000e+02
-8.324417724609375000e+02
-8.753348999023437500e+02
-8.657774658203125000e+02
-8.517038574218750000e+02
-8.788884887695312500e+02
-8.436839599609375000e+02
-8.781708984375000000e+02
-8.513242187500000000e+02
-9.088491210937500000e+02
-8.680697021484375000e+02
-8.998892822265625000e+02
-8.973739013671875000e+02
-9.132246093750000000e+02
-8.798919677734375000e+02
-8.463886718750000000e+02
-8.280046997070312500e+02
-8.549163818359375000e+02
-8.902997436523437500e+02
-8.619082031250000000e+02
-8.465955200195312500e+02
-8.361092529296875000e+02
-8.150545654296875000e+02
-8.180401611328125000e+02
-8.531207275390625000e+02
-8.335139160156250000e+02
-8.840948486328125000e+02
-8.976035156250000000e+02
-8.473044433593750000e+02
-8.699635009765625000e+02
-9.103969726562500000e+02
-8.435432739257812500e+02
-8.704627685546875000e+02
-8.841207275390625000e+02
-9.063345947265625000e+02
-8.837756958007812500e+02
-6.686086425781250000e+02
-8.551177978515625000e+02
-9.074158935546875000e+02
-9.277770996093750000e+02
-9.016486816406250000e+02
-8.840573120117187500e+02
-8.717841796875000000e+02
-8.345305786132812500e+02
-8.373419189453125000e+02
-8.439392089843750000e+02
-9.131762695312500000e+02
-8.540262451171875000e+02
-9.216605224609375000e+02
-8.899852905273437500e+02
-8.633081054687500000e+02
-9.056885375976562500e+02
-8.810510253906250000e+02
-9.305236206054687500e+02
-8.276119384765625000e+02
-9.005324707031250000e+02
-8.121799316406250000e+02
-8.564447021484375000e+02
-8.332727050781250000e+02
-9.284555664062500000e+02
-8.463447875976562500e+02
-8.649766845703125000e+02
-8.936697998046875000e+02
-9.162086181640625000e+02
-8.835408325195312500e+02
-8.310920410156250000e+02
-8.848264770507812500e+02
-8.708236083984375000e+02
-9.109142456054687500e+02
-8.466447143554687500e+02
-8.893909912109375000e+02
-8.693732910156250000e+02
-8.722854003906250000e+02
-8.765603637695312500e+02
-8.576118774414062500e+02
-9.019332275390625000e+02
-9.271780395507812500e+02
-8.904271240234375000e+02
-8.997071533203125000e+02
-8.359951782226562500e+02
-8.622053833007812500e+02
-8.650415649414062500e+02
-8.792154541015625000e+02
-8.362467041015625000e+02
-8.150888671875000000e+02
-8.549550781250000000e+02
-8.759204101562500000e+02
-8.295806884765625000e+02
-8.846834716796875000e+02
-8.095219726562500000e+02
-9.106955566406250000e+02
-8.382728271484375000e+02
