nan
nan
-inf
-inf
-inf
-inf
-inf
-inf
-inf
-inf
-inf
-inf
-inf
-inf
-inf
-inf
-inf
-inf
-inf
-inf
-inf
-inf
-inf
-inf
-inf
-inf
-inf
-inf
-inf
-inf
-inf
-inf
-inf
-inf
-inf
-inf
-inf
-inf
-inf
-inf
-inf
-inf
-inf
-inf
-inf
-inf
-inf
-inf
-inf
-inf
-inf
-inf
-inf
-inf
-inf
-inf
-inf
-inf
-inf
-inf
-inf
-inf
-inf
-inf
-inf
-inf
-inf
-inf
-inf
-inf
-inf
-inf
-inf
-inf
-inf
-inf
-inf
-inf
-inf
-inf
-inf
-inf
-inf
-inf
-9.673148193359375000e+02
-9.682921142578125000e+02
-9.666884765625000000e+02
-9.664722900390625000e+02
-9.659145507812500000e+02
-9.668374023437500000e+02
-9.679729614257812500e+02
-9.671816406250000000e+02
-9.665161132812500000e+02
-9.650434570312500000e+02
-9.681741333007812500e+02
-9.679697265625000000e+02
-9.682121582031250000e+02
-9.664896240234375000e+02
-9.678621826171875000e+02
-9.666100463867187500e+02
-9.673123779296875000e+02
-9.666329345703125000e+02
-9.673275146484375000e+02
-9.670123901367187500e+02
-9.675195312500000000e+02
-9.673001098632812500e+02
-9.661783447265625000e+02
-9.679426269531250000e+02
-9.679739379882812500e+02
-9.675814819335937500e+02
-9.684332275390625000e+02
-9.681276855468750000e+02
-9.673121948242187500e+02
-9.679511718750000000e+02
-9.669550781250000000e+02
-9.673718261718750000e+02
-9.678084106445312500e+02
-9.661151123046875000e+02
-9.671679687500000000e+02
-9.662861938476562500e+02
-9.662104492187500000e+02
-9.681578369140625000e+02
-9.656927490234375000e+02
-9.657324829101562500e+02
-9.675515136718750000e+02
-9.674749145507812500e+02
-9.658920898437500000e+02
-9.675061035156250000e+02
-9.672077636718750000e+02
-9.673450927734375000e+02
-9.655364379882812500e+02
-9.655763549804687500e+02
-9.652420654296875000e+02
-9.679645996093750000e+02
-9.665916137695312500e+02
-9.671381225585937500e+02
-9.669788208007812500e+02
-9.675866699218750000e+02
-9.654035034179687500e+02
-9.662169189453125000e+02
-9.669941406250000000e+02
-9.661433105468750000e+02
-9.671572875976562500e+02
-9.661324462890625000e+02
-9.667938842773437500e+02
-9.654141845703125000e+02
-9.675041503906250000e+02
-9.666647949218750000e+02
-9.671752929687500000e+02
-9.677720336914062500e+02
-9.665031738281250000e+02
-9.668164062500000000e+02
-9.665971679687500000e+02
-9.665195922851562500e+02
-9.688236694335937500e+02
-9.667867431640625000e+02
-9.653508300781250000e+02
-9.645920410156250000e+02
-9.668438110351562500e+02
-9.679268798828125000e+02
-9.651101074218750000e+02
-9.666807250976562500e+02
-9.668533325195312500e+02
-9.666088867187500000e+02
-9.666938476562500000e+02
-9.662574462890625000e+02
-9.639819335937500000e+02
-9.670761718750000000e+02
-9.634702148437500000e+02
-9.651262207031250000e+02
-9.634861450195312500e+02
-9.614437255859375000e+02
-9.627207031250000000e+02
-9.663896484375000000e+02
-9.639291992187500000e+02
-9.638275146484375000e+02
-9.621503906250000000e+02
-9.625922851562500000e+02
-9.588550415039062500e+02
-9.602677001953125000e+02
-9.608477783203125000e+02
-9.664719238281250000e+02
-9.660577392578125000e+02
-9.570084228515625000e+02
-9.607337646484375000e+02
-9.622846069335937500e+02
-9.577829589843750000e+02
-9.644748535156250000e+02
-9.607824707031250000e+02
-9.581168823242187500e+02
-9.603074340820312500e+02
-9.666344604492187500e+02
-9.602980957031250000e+02
-9.587898559570312500e+02
-9.540240478515625000e+02
-9.529291992187500000e+02
-9.619846191406250000e+02
-9.593725585937500000e+02
-9.517394409179687500e+02
-9.399107055664062500e+02
-9.491283569335937500e+02
-9.547711181640625000e+02
-9.652839355468750000e+02
-9.488303833007812500e+02
-9.395230102539062500e+02
-9.550786132812500000e+02
-9.523469238281250000e+02
-9.577698974609375000e+02
-9.631951293945312500e+02
-9.654140625000000000e+02
-9.595065307617187500e+02
-9.482567138671875000e+02
-9.558083496093750000e+02
-9.635006713867187500e+02
-9.644878540039062500e+02
-9.591781616210937500e+02
-9.538955688476562500e+02
-9.484815673828125000e+02
-9.509729614257812500e+02
-9.553381347656250000e+02
-9.527213134765625000e+02
-9.605769653320312500e+02
-9.480441894531250000e+02
-9.619140625000000000e+02
-9.645524902343750000e+02
-9.593754882812500000e+02
-9.565825805664062500e+02
-9.399290161132812500e+02
-9.468259277343750000e+02
-9.572717285156250000e+02
-9.595411376953125000e+02
-9.606410522460937500e+02
-9.552447509765625000e+02
-9.653356323242187500e+02
-9.195551757812500000e+02
-9.632641601562500000e+02
-9.525976562500000000e+02
-9.633822021484375000e+02
-9.521108398437500000e+02
-9.597964477539062500e+02
-9.638510742187500000e+02
-9.544136962890625000e+02
-9.567988281250000000e+02
-9.594260864257812500e+02
-9.447166137695312500e+02
-9.576456298828125000e+02
-9.483465576171875000e+02
-9.568493041992187500e+02
-9.482863769531250000e+02
-9.579206542968750000e+02
-9.632244873046875000e+02
-9.523747558593750000e+02
-9.418724975585937500e+02
-9.602490844726562500e+02
-9.506596679687500000e+02
-9.499693603515625000e+02
-9.598790893554687500e+02
-9.415674438476562500e+02
-9.478491210937500000e+02
-9.353325195312500000e+02
-9.540552978515625000e+02
-9.430227050781250000e+02
-9.530690917968750000e+02
-9.517846069335937500e+02
-9.531256103515625000e+02
-9.503493652343750000e+02
-9.321145019531250000e+02
-9.463273925781250000e+02
-9.358103027343750000e+02
-9.654078369140625000e+02
-9.576124877929687500e+02
-9.550369873046875000e+02
-9.521286621093750000e+02
-9.357105102539062500e+02
-9.263408813476562500e+02
-9.407521972656250000e+02
-9.504184570312500000e+02
-9.583734130859375000e+02
-9.418071289062500000e+02
-9.526154785156250000e+02
-9.554642944335937500e+02
-9.525996093750000000e+02
-9.520195312500000000e+02
-9.422270507812500000e+02
-9.329468994140625000e+02
-9.424718017578125000e+02
-9.327051391601562500e+02
-9.447574462890625000e+02
-9.478728637695312500e+02
-9.458366699218750000e+02
-9.637486572265625000e+02
-9.416001586914062500e+02
-9.581209716796875000e+02
-9.578643798828125000e+02
-9.566180419921875000e+02
-9.553376464843750000e+02
-9.666331176757812500e+02
-9.506265869140625000e+02
-9.577298583984375000e+02
-9.429416503906250000e+02
-9.474798583984375000e+02
-9.588050537109375000e+02
-9.505335693359375000e+02
-9.351914062500000000e+02
-9.530272216796875000e+02
-9.239145507812500000e+02
-9.387888183593750000e+02
-9.518442382812500000e+02
-9.563834838867187500e+02
-9.287118530273437500e+02
-9.400571289062500000e+02
-9.351228027343750000e+02
-9.538432617187500000e+02
-9.551479492187500000e+02
-9.505877685546875000e+02
-9.271374511718750000e+02
-9.482449340820312500e+02
-9.247696533203125000e+02
-9.418172607421875000e+02
-9.483035888671875000e+02
-9.231629638671875000e+02
-9.492205810546875000e+02
-9.315573730468750000e+02
-9.589338989257812500e+02
-9.410688476562500000e+02
-9.467767944335937500e+02
-9.368701171875000000e+02
-9.520218505859375000e+02
-9.435915527343750000e+02
-9.338646240234375000e+02
-9.318102416992187500e+02
-9.512852783203125000e+02
-9.449295654296875000e+02
-9.470563964843750000e+02
-9.429508666992187500e+02
-9.307542724609375000e+02
-9.492875976562500000e+02
-9.382889404296875000e+02
-9.444297485351562500e+02
-9.543244018554687500e+02
-9.577611694335937500e+02
-9.235532836914062500e+02
-9.505151367187500000e+02
-9.543166503906250000e+02
-9.303110351562500000e+02
-9.253792724609375000e+02
-9.333756103515625000e+02
-9.484619140625000000e+02
-9.389951171875000000e+02
-9.415323486328125000e+02
-9.253008422851562500e+02
-9.500013427734375000e+02
-9.339525146484375000e+02
-9.199004516601562500e+02
-9.259078369140625000e+02
-9.157839355468750000e+02
-9.248923339843750000e+02
-9.566307373046875000e+02
-9.472424316406250000e+02
-9.230740356445312500e+02
-9.229829711914062500e+02
-9.456282958984375000e+02
-9.379161987304687500e+02
-9.418391113281250000e+02
-9.324510498046875000e+02
-9.222176513671875000e+02
-9.406206054687500000e+02
-9.110646362304687500e+02
-9.178786621093750000e+02
-9.272954101562500000e+02
-9.474063720703125000e+02
-9.302755126953125000e+02
-9.516472167968750000e+02
-9.165130615234375000e+02
-9.410053100585937500e+02
-9.551461791992187500e+02
-9.192706298828125000e+02
-9.329271240234375000e+02
-9.350417480468750000e+02
-9.253812866210937500e+02
-9.344291992187500000e+02
-9.104907226562500000e+02
-9.326590576171875000e+02
-9.073498535156250000e+02
-9.230606689453125000e+02
-9.486416015625000000e+02
-9.293836669921875000e+02
-9.419019775390625000e+02
-9.367952880859375000e+02
-9.172919921875000000e+02
-9.474315185546875000e+02
-9.018078002929687500e+02
-9.382297973632812500e+02
-9.266114501953125000e+02
-9.400936279296875000e+02
-9.238680419921875000e+02
-9.491353759765625000e+02
-9.557323608398437500e+02
-9.112404785156250000e+02
-9.241749267578125000e+02
-9.499783935546875000e+02
-9.213276367187500000e+02
-9.113994140625000000e+02
-9.369586791992187500e+02
-9.230823974609375000e+02
-9.095427246093750000e+02
-9.406423339843750000e+02
-9.239069824218750000e+02
-9.480540161132812500e+02
-9.262551269531250000e+02
-9.546190185546875000e+02
-9.389381103515625000e+02
-9.464298706054687500e+02
-9.346058349609375000e+02
-9.504911499023437500e+02
-9.130521850585937500e+02
-9.146079101562500000e+02
-9.162684936523437500e+02
-9.512732543945312500e+02
-9.402012939453125000e+02
-9.088282470703125000e+02
-9.162501831054687500e+02
-9.129219360351562500e+02
-9.360231933593750000e+02
-9.299228515625000000e+02
-9.299021606445312500e+02
-9.253721923828125000e+02
-9.394783325195312500e+02
-9.501052856445312500e+02
-9.355966186523437500e+02
-9.375913085937500000e+02
-9.047305908203125000e+02
-9.387624511718750000e+02
-9.114193725585937500e+02
-9.402360839843750000e+02
-8.829904785156250000e+02
-8.876269531250000000e+02
-8.988742675781250000e+02
-9.391723632812500000e+02
-8.862557983398437500e+02
-9.198095703125000000e+02
-9.500772705078125000e+02
-9.358269653320312500e+02
-9.234312744140625000e+02
-8.918905029296875000e+02
-9.363046875000000000e+02
-9.089821166992187500e+02
-9.016444091796875000e+02
-9.324730224609375000e+02
-9.280818481445312500e+02
-9.371478271484375000e+02
-9.121475830078125000e+02
-9.333115234375000000e+02
-9.151613769531250000e+02
-9.337676391601562500e+02
-9.441237792968750000e+02
-9.350307006835937500e+02
-9.524632568359375000e+02
-9.227739868164062500e+02
-9.130554199218750000e+02
-9.252670898437500000e+02
-9.452541503906250000e+02
-9.275518798828125000e+02
-9.370603027343750000e+02
-9.248942871093750000e+02
-9.165885009765625000e+02
-9.262972412109375000e+02
-9.421008300781250000e+02
-9.382549438476562500e+02
-9.110913085937500000e+02
-9.303709716796875000e+02
-9.394415283203125000e+02
-9.149191284179687500e+02
-9.423429565429687500e+02
-9.287207641601562500e+02
-9.507721557617187500e+02
-9.334906616210937500e+02
-9.424716186523437500e+02
-9.255122070312500000e+02
-9.317298583984375000e+02
-9.186201171875000000e+02
-9.358576660156250000e+02
-9.391338500976562500e+02
-9.283309936523437500e+02
-9.255657348632812500e+02
-9.279516601562500000e+02
-8.822032470703125000e+02
-8.832960205078125000e+02
-9.196806640625000000e+02
-9.577105712890625000e+02
-9.229991455078125000e+02
-9.030621337890625000e+02
-9.214901733398437500e+02
-8.839854125976562500e+02
-9.360694580078125000e+02
-9.370277099609375000e+02
-9.239296875000000000e+02
-9.100673828125000000e+02
-9.133181152343750000e+02
-9.139300537109375000e+02
-8.930387573242187500e+02
-9.184233398437500000e+02
-9.140711059570312500e+02
-9.085628662109375000e+02
-9.018992309570312500e+02
-9.223540649414062500e+02
-9.403970336914062500e+02
-8.889265136718750000e+02
-9.322752685546875000e+02
-8.877568969726562500e+02
-9.341858520507812500e+02
-9.264183349609375000e+02
-9.237845458984375000e+02
-9.185089111328125000e+02
-9.391248779296875000e+02
-8.926806640625000000e+02
-9.087212524414062500e+02
-9.342637939453125000e+02
-9.389805297851562500e+02
-9.245832519531250000e+02
-9.195375976562500000e+02
-9.337019042968750000e+02
-9.341902465820312500e+02
-7.240723266601562500e+02
-9.483464355468750000e+02
-9.079002685546875000e+02
-8.625303344726562500e+02
-8.860129394531250000e+02
-9.365523681640625000e+02
-9.274158935546875000e+02
-8.823571166992187500e+02
-9.210123291015625000e+02
-9.338089599609375000e+02
-9.281480102539062500e+02
-8.658057861328125000e+02
-9.207561035156250000e+02
-8.593290405273437500e+02
-8.925447387695312500e+02
-9.094090576171875000e+02
-9.330521240234375000e+02
-8.830262451171875000e+02
-8.663464355468750000e+02
-9.279219970703125000e+02
-9.037147216796875000e+02
-8.886184082031250000e+02
-9.359794311523437500e+02
-9.534992065429687500e+02
-8.861443481445312500e+02
-9.109996337890625000e+02
-9.020155639648437500e+02
-9.056635742187500000e+02
-9.264582519531250000e+02
-8.735895996093750000e+02
-9.581342773437500000e+02
-9.070095825195312500e+02
-9.054129638671875000e+02
-8.643261718750000000e+02
-9.168125610351562500e+02
-8.424761962890625000e+02
-8.959573974609375000e+02
-9.508734741210937500e+02
-9.285138549804687500e+02
-8.799548339843750000e+02
-8.848758544921875000e+02
-9.104453735351562500e+02
-8.801523437500000000e+02
-9.279783935546875000e+02
-9.359741821289062500e+02
-8.980073242187500000e+02
-8.867894897460937500e+02
-9.162061767578125000e+02
-9.092199707031250000e+02
-8.544088134765625000e+02
-9.539605712890625000e+02
-9.084882812500000000e+02
-8.814660644531250000e+02
-9.076546630859375000e+02
-9.377583007812500000e+02
-9.030880737304687500e+02
-9.052150268554687500e+02
-9.342789306640625000e+02
-9.218269653320312500e+02
-9.266216430664062500e+02
-9.241748657226562500e+02
-9.204108276367187500e+02
-9.021663818359375000e+02
-9.022945556640625000e+02
-9.081350708007812500e+02
-8.786207275390625000e+02
-8.712567138671875000e+02
-8.962866210937500000e+02
-9.326118164062500000e+02
-9.142769165039062500e+02
-9.248204345703125000e+02
-8.485550537109375000e+02
-9.113567504882812500e+02
-9.155269775390625000e+02
-8.607207031250000000e+02
-9.087196044921875000e+02
-8.712056884765625000e+02
-8.928466186523437500e+02
-9.291608886718750000e+02
-9.031385498046875000e+02
-8.711766357421875000e+02
-8.921647949218750000e+02
-9.077136230468750000e+02
-8.809028320312500000e+02
-9.288211059570312500e+02
-8.932489013671875000e+02
-9.134771728515625000e+02
-9.299495849609375000e+02
-9.528275146484375000e+02
-9.289027709960937500e+02
-9.052333984375000000e+02
-9.366043701171875000e+02
-8.866102905273437500e+02
-8.855381469726562500e+02
-9.090356445312500000e+02
-8.735170898437500000e+02
-9.192562866210937500e+02
-8.839368896484375000e+02
-9.024688110351562500e+02
-9.267011718750000000e+02
-9.296555786132812500e+02
-9.327730102539062500e+02
-9.261983642578125000e+02
-8.724970703125000000e+02
-9.115024414062500000e+02
-8.660123901367187500e+02
-8.269355468750000000e+02
-9.211986083984375000e+02
-9.378341064453125000e+02
-9.349858398437500000e+02
-9.367214355468750000e+02
-8.941552734375000000e+02
-9.180067749023437500e+02
-9.139046630859375000e+02
-9.377014160156250000e+02
-9.034426879882812500e+02
-9.013898315429687500e+02
-8.938906250000000000e+02
-8.860304565429687500e+02
-9.012727050781250000e+02
-8.809791870117187500e+02
-9.306998291015625000e+02
-9.318272705078125000e+02
-9.201613159179687500e+02
-9.161471557617187500e+02
-9.247611083984375000e+02
-8.750009155273437500e+02
-9.342907714843750000e+02
-8.993834228515625000e+02
-8.728431396484375000e+02
-9.076866455078125000e+02
-9.027053833007812500e+02
-8.996524047851562500e+02
-9.176853027343750000e+02
-8.646146850585937500e+02
-9.276976318359375000e+02
-8.741859741210937500e+02
-9.043494873046875000e+02
-9.057570800781250000e+02
-9.139120483398437500e+02
-8.766693725585937500e+02
-9.225275878906250000e+02
-8.801987915039062500e+02
-8.936954345703125000e+02
-9.336312255859375000e+02
-9.364587402343750000e+02
-9.087883911132812500e+02
-8.866306762695312500e+02
-9.045559082031250000e+02
-8.871956176757812500e+02
-9.320140991210937500e+02
-9.069355468750000000e+02
-9.001805419921875000e+02
-9.215463867187500000e+02
-8.938778076171875000e+02
-8.737857666015625000e+02
-9.037414550781250000e+02
-8.778564453125000000e+02
-9.302378540039062500e+02
-9.007293090820312500e+02
-8.656096191406250000e+02
-8.845647583007812500e+02
-9.180671386718750000e+02
-8.729100341796875000e+02
-9.289896240234375000e+02
-8.746094970703125000e+02
-8.816943359375000000e+02
-9.205336303710937500e+02
-9.028208007812500000e+02
-8.741506347656250000e+02
-8.951619262695312500e+02
-8.750961914062500000e+02
-9.159289550781250000e+02
-8.868362426757812500e+02
-9.183000488281250000e+02
-8.968076782226562500e+02
-9.268024902343750000e+02
-9.207185668945312500e+02
-9.131232910156250000e+02
-9.175233154296875000e+02
-9.087686767578125000e+02
-9.119111328125000000e+02
-8.848638305664062500e+02
-9.192647705078125000e+02
-9.192180175781250000e+02
-8.806506347656250000e+02
-9.050185546875000000e+02
-9.386282958984375000e+02
-9.140103149414062500e+02
-8.976454467773437500e+02
-8.469219970703125000e+02
-8.706801757812500000e+02
-8.920761108398437500e+02
-8.788161621093750000e+02
-9.240960693359375000e+02
-8.890955810546875000e+02
-8.569387207031250000e+02
-9.323840942382812500e+02
-8.493189086914062500e+02
-8.825030517578125000e+02
-8.942683715820312500e+02
-8.670612182617187500e+02
-9.065950317382812500e+02
-9.268845214843750000e+02
-8.810030517578125000e+02
-9.038776855468750000e+02
-9.237066650390625000e+02
-8.988225097656250000e+02
-8.657855224609375000e+02
-8.979222412109375000e+02
-8.872281494140625000e+02
-8.886105957031250000e+02
-9.118599853515625000e+02
-9.217824707031250000e+02
-8.800123901367187500e+02
-8.745001220703125000e+02
-8.617478027343750000e+02
-9.058316650390625000e+02
-9.321152343750000000e+02
-8.882849731445312500e+02
-8.912462768554687500e+02
-8.294401855468750000e+02
-8.531086425781250000e+02
-8.442378540039062500e+02
-9.004421386718750000e+02
-8.718472900390625000e+02
-8.799785156250000000e+02
-8.874167480468750000e+02
-8.840570068359375000e+02
-8.875453491210937500e+02
-8.731092529296875000e+02
-9.162711181640625000e+02
-8.308144531250000000e+02
-8.940701293945312500e+02
-8.689086914062500000e+02
-8.935958862304687500e+02
-8.638642578125000000e+02
-8.495989379882812500e+02
-8.349205322265625000e+02
-8.872453002929687500e+02
-8.706405029296875000e+02
-8.889439697265625000e+02
-8.759385375976562500e+02
-8.967503662109375000e+02
-9.019112548828125000e+02
-8.939285888671875000e+02
-8.783195800781250000e+02
-9.265881958007812500e+02
-8.519553833007812500e+02
-8.794990234375000000e+02
-8.595722045898437500e+02
-9.106855468750000000e+02
-8.590457153320312500e+02
-8.343326416015625000e+02
-8.814469604492187500e+02
-8.449898681640625000e+02
-9.392683715820312500e+02
-8.395079345703125000e+02
-8.910396728515625000e+02
-8.425753784179687500e+02
-8.840141601562500000e+02
-8.864230957031250000e+02
-8.556466064453125000e+02
-8.673474731445312500e+02
-8.619108886718750000e+02
-8.780397949218750000e+02
-8.672336425781250000e+02
-8.795208129882812500e+02
-9.217181396484375000e+02
-9.233727416992187500e+02
-9.210718994140625000e+02
-8.918816528320312500e+02
-8.542304687500000000e+02
-8.773293457031250000e+02
-8.823175048828125000e+02
-8.521252441406250000e+02
-8.653088378906250000e+02
-8.532954711914062500e+02
-8.843162841796875000e+02
-8.617520751953125000e+02
-8.855455322265625000e+02
-8.084132080078125000e+02
-9.126779785156250000e+02
-9.122758178710937500e+02
-8.967784423828125000e+02
-8.579201660156250000e+02
-8.742332763671875000e+02
-9.230267333984375000e+02
-9.327921142578125000e+02
-9.172984008789062500e+02
-8.783337402343750000e+02
-8.762897949218750000e+02
-8.686248779296875000e+02
-8.893125610351562500e+02
-8.621821289062500000e+02
-8.427858886718750000e+02
-8.764970703125000000e+02
-9.240308837890625000e+02
-9.075258789062500000e+02
-8.955861206054687500e+02
-8.556729125976562500e+02
-8.717054443359375000e+02
-9.197375488281250000e+02
-8.730902099609375000e+02
-8.698707275390625000e+02
-9.042963256835937500e+02
-8.897918090820312500e+02
-8.695644531250000000e+02
-8.931903076171875000e+02
-9.414511108398437500e+02
-8.710904541015625000e+02
-9.007681274414062500e+02
-8.493596191406250000e+02
-8.673816528320312500e+02
-8.972076416015625000e+02
-8.435346679687500000e+02
-9.451052246093750000e+02
-8.943832397460937500e+02
-8.667774658203125000e+02
-8.989669189453125000e+02
-9.063508911132812500e+02
-9.043323364257812500e+02
-8.264338989257812500e+02
-9.009167480468750000e+02
-8.920650634765625000e+02
-8.698050537109375000e+02
-9.182734985351562500e+02
-8.910002441406250000e+02
-8.538961791992187500e+02
-9.258060913085937500e+02
-8.410364990234375000e+02
-8.620609130859375000e+02
-8.428216552734375000e+02
-9.163763427734375000e+02
-8.469948120117187500e+02
-8.574840698242187500e+02
-9.168757324218750000e+02
-8.771511840820312500e+02
-9.058292236328125000e+02
-9.272597656250000000e+02
-8.582343750000000000e+02
-9.107976074218750000e+02
-9.117836914062500000e+02
-8.981197509765625000e+02
-9.408382568359375000e+02
-8.823720703125000000e+02
-9.099378662109375000e+02
-8.679166259765625000e+02
-9.037673950195312500e+02
-8.523657226562500000e+02
-8.643939819335937500e+02
-8.705274658203125000e+02
-8.817412109375000000e+02
-8.988956298828125000e+02
-9.341080322265625000e+02
-8.718269653320312500e+02
-8.362308349609375000e+02
-8.733673095703125000e+02
-8.498624877929687500e+02
-8.775323486328125000e+02
-9.260240478515625000e+02
-8.744967041015625000e+02
-8.470754394531250000e+02
-8.878131713867187500e+02
-8.264705200195312500e+02
-9.057558593750000000e+02
-8.537800292968750000e+02
-8.521497802734375000e+02
-8.745842895507812500e+02
-9.105235595703125000e+02
-8.545092773437500000e+02
-8.589559326171875000e+02
-8.370894165039062500e+02
-9.079271850585937500e+02
-8.633017578125000000e+02
-8.774291992187500000e+02
-9.134426269531250000e+02
-7.993288574218750000e+02
-8.746239013671875000e+02
-8.407691040039062500e+02
-8.589644165039062500e+02
-8.564500732421875000e+02
-8.842167968750000000e+02
-8.873820190429687500e+02
-8.570013427734375000e+02
-8.639027099609375000e+02
-8.451207275390625000e+02
-8.749467773437500000e+02
-8.259270019531250000e+02
-9.049513549804687500e+02
-8.669227294921875000e+02
-9.119345703125000000e+02
-8.561202392578125000e+02
-8.882592163085937500e+02
-8.368612060546875000e+02
-8.687701416015625000e+02
-8.862067871093750000e+02
-8.843001708984375000e+02
-8.297006835937500000e+02
-8.546047363281250000e+02
-8.171173706054687500e+02
-8.275371093750000000e+02
-9.170095825195312500e+02
-8.975197753906250000e+02
-8.052203369140625000e+02
-9.069799804687500000e+02
-8.670460205078125000e+02
-8.461582031250000000e+02
-8.747249755859375000e+02
-8.785722045898437500e+02
-8.701646118164062500e+02
-8.576122436523437500e+02
-8.507429199218750000e+02
-8.045687255859375000e+02
-8.776831054687500000e+02
-8.116271362304687500e+02
-8.781777954101562500e+02
-8.656305541992187500e+02
-8.813738403320312500e+02
-8.519271850585937500e+02
-8.902165527343750000e+02
-8.713834838867187500e+02
-8.557483520507812500e+02
-8.891625976562500000e+02
-8.204345703125000000e+02
-8.569279785156250000e+02
-8.676058349609375000e+02
-8.820130615234375000e+02
-8.318532104492187500e+02
-8.536713867187500000e+02
-8.544565429687500000e+02
-8.815140991210937500e+02
-8.566753540039062500e+02
-8.561996459960937500e+02
-8.392923583984375000e+02
-8.899914550781250000e+02
-8.194686279296875000e+02
-9.013173217773437500e+02
-8.667066650390625000e+02
-8.756491699218750000e+02
-8.874573364257812500e+02
-9.278491210937500000e+02
-8.769548339843750000e+02
-8.594860229492187500e+02
-8.993320312500000000e+02
-8.308150634765625000e+02
-8.923973388671875000e+02
-8.383121337890625000e+02
-8.633098144531250000e+02
-8.805644531250000000e+02
-8.890104370117187500e+02
-8.599664306640625000e+02
-8.759730224609375000e+02
-9.227279663085937500e+02
-8.010041503906250000e+02
-8.844923706054687500e+02
-8.587492675781250000e+02
-8.268325805664062500e+02
-9.179732666015625000e+02
-8.584282836914062500e+02
-8.706672973632812500e+02
-8.808862915039062500e+02
-9.099829711914062500e+02
-8.566113891601562500e+02
-8.832844238281250000e+02
-8.638428344726562500e+02
-8.415252685546875000e+02
-8.981732177734375000e+02
-8.616303710937500000e+02
-8.842835693359375000e+02
-8.831138305664062500e+02
-8.160092773437500000e+02
-8.636948852539062500e+02
-8.715314331054687500e+02
-8.904869995117187500e+02
-8.752919921875000000e+02
-8.454459228515625000e+02
-8.682260131835937500e+02
-8.881672363281250000e+02
-8.773642578125000000e+02
