9.082000000000000073e-01
9.063999999999999835e-01
9.045999999999999597e-01
9.028000000000000469e-01
9.010000000000000231e-01
8.991999999999999993e-01
8.973999999999999755e-01
8.955999999999999517e-01
8.938000000000000389e-01
8.920000000000000151e-01
8.901999999999999913e-01
8.883999999999999675e-01
8.866000000000000547e-01
8.848000000000000309e-01
8.830000000000000071e-01
8.811999999999999833e-01
8.793999999999999595e-01
8.775999999999999357e-01
8.758000000000000229e-01
8.739999999999999991e-01
8.721999999999999753e-01
8.704000000000000625e-01
8.686000000000000387e-01
8.668000000000000149e-01
8.649999999999999911e-01
8.631999999999999673e-01
8.613999999999999435e-01
8.596000000000000307e-01
8.578000000000000069e-01
8.559999999999999831e-01
8.541999999999999593e-01
8.524000000000000465e-01
8.506000000000000227e-01
8.487999999999999989e-01
8.469999999999999751e-01
8.451999999999999513e-01
8.434000000000000385e-01
8.416000000000000147e-01
8.397999999999999909e-01
8.379999999999999671e-01
8.362000000000000544e-01
8.344000000000000306e-01
8.326000000000000068e-01
8.307999999999999829e-01
8.289999999999999591e-01
8.271999999999999353e-01
8.254000000000000226e-01
8.235999999999999988e-01
8.217999999999999750e-01
8.199999999999999512e-01
8.182000000000000384e-01
8.164000000000000146e-01
8.145999999999999908e-01
8.127999999999999670e-01
8.109999999999999432e-01
8.092000000000000304e-01
8.074000000000000066e-01
8.055999999999999828e-01
8.037999999999999590e-01
8.020000000000000462e-01
8.002000000000000224e-01
7.983999999999999986e-01
7.965999999999999748e-01
7.947999999999999510e-01
7.929999999999999272e-01
7.912000000000000144e-01
7.893999999999999906e-01
7.875999999999999668e-01
7.858000000000000540e-01
7.840000000000000302e-01
7.822000000000000064e-01
7.803999999999999826e-01
7.785999999999999588e-01
7.767999999999999350e-01
7.750000000000000222e-01
7.731999999999999984e-01
7.713999999999999746e-01
7.695999999999999508e-01
7.678000000000000380e-01
7.660000000000000142e-01
7.641999999999999904e-01
7.623999999999999666e-01
7.605999999999999428e-01
7.587999999999999190e-01
7.570000000000000062e-01
7.551999999999999824e-01
7.533999999999999586e-01
7.515999999999999348e-01
7.498000000000000220e-01
7.479999999999999982e-01
7.461999999999999744e-01
7.443999999999999506e-01
7.426000000000000378e-01
7.408000000000000140e-01
7.389999999999999902e-01
7.372000000000000774e-01
7.354000000000000536e-01
7.336000000000000298e-01
7.318000000000000060e-01
7.299999999999999822e-01
7.281999999999999584e-01
7.263999999999999346e-01
7.246000000000000218e-01
7.227999999999999980e-01
7.209999999999999742e-01
7.192000000000000615e-01
7.174000000000000377e-01
7.156000000000000139e-01
7.137999999999999901e-01
7.119999999999999662e-01
7.101999999999999424e-01
7.083999999999999186e-01
7.066000000000000059e-01
7.047999999999999821e-01
7.029999999999999583e-01
7.012000000000000455e-01
6.994000000000000217e-01
6.975999999999999979e-01
6.957999999999999741e-01
6.939999999999999503e-01
6.921999999999999265e-01
6.904000000000000137e-01
6.885999999999999899e-01
6.868000000000000771e-01
6.850000000000000533e-01
6.832000000000000295e-01
6.814000000000000057e-01
6.795999999999999819e-01
6.777999999999999581e-01
6.759999999999999343e-01
6.742000000000000215e-01
6.723999999999999977e-01
6.705999999999999739e-01
6.688000000000000611e-01
6.670000000000000373e-01
6.652000000000000135e-01
6.633999999999999897e-01
6.615999999999999659e-01
6.597999999999999421e-01
6.579999999999999183e-01
6.562000000000000055e-01
6.543999999999999817e-01
6.525999999999999579e-01
6.508000000000000451e-01
6.490000000000000213e-01
6.471999999999999975e-01
6.453999999999999737e-01
6.435999999999999499e-01
6.417999999999999261e-01
6.399999999999999023e-01
6.381999999999999895e-01
6.363999999999999657e-01
6.345999999999999419e-01
6.328000000000000291e-01
6.310000000000000053e-01
6.291999999999999815e-01
6.273999999999999577e-01
6.255999999999999339e-01
6.238000000000000211e-01
6.219999999999999973e-01
6.202000000000000846e-01
6.184000000000000608e-01
6.166000000000000369e-01
6.148000000000000131e-01
6.129999999999999893e-01
6.111999999999999655e-01
6.093999999999999417e-01
6.075999999999999179e-01
6.058000000000000052e-01
6.039999999999999813e-01
6.022000000000000686e-01
6.004000000000000448e-01
5.986000000000000210e-01
5.967999999999999972e-01
5.949999999999999734e-01
5.931999999999999496e-01
5.913999999999999257e-01
5.895999999999999019e-01
5.877999999999999892e-01
5.859999999999999654e-01
5.842000000000000526e-01
5.824000000000000288e-01
5.806000000000000050e-01
5.787999999999999812e-01
5.769999999999999574e-01
5.751999999999999336e-01
5.734000000000000208e-01
5.715999999999999970e-01
5.698000000000000842e-01
5.680000000000000604e-01
5.662000000000000366e-01
5.644000000000000128e-01
5.625999999999999890e-01
5.607999999999999652e-01
5.589999999999999414e-01
5.571999999999999176e-01
5.554000000000000048e-01
5.535999999999999810e-01
5.518000000000000682e-01
5.500000000000000444e-01
5.482000000000000206e-01
5.463999999999999968e-01
5.445999999999999730e-01
5.427999999999999492e-01
5.409999999999999254e-01
5.391999999999999016e-01
5.373999999999999888e-01
5.355999999999999650e-01
5.338000000000000522e-01
5.320000000000000284e-01
5.302000000000000046e-01
5.283999999999999808e-01
5.265999999999999570e-01
5.247999999999999332e-01
5.229999999999999094e-01
5.211999999999998856e-01
5.193999999999999728e-01
5.175999999999999490e-01
5.158000000000000362e-01
5.140000000000000124e-01
5.121999999999999886e-01
5.103999999999999648e-01
5.085999999999999410e-01
5.067999999999999172e-01
5.049999999999998934e-01
5.031999999999998696e-01
5.013999999999999568e-01
4.995999999999999330e-01
4.977999999999999092e-01
4.959999999999998854e-01
4.941999999999999726e-01
4.924000000000000599e-01
4.906000000000000361e-01
4.888000000000000123e-01
4.869999999999999885e-01
4.852000000000000757e-01
4.834000000000000519e-01
4.816000000000000281e-01
4.798000000000000043e-01
4.779999999999999805e-01
4.762000000000000677e-01
4.744000000000000439e-01
4.726000000000000201e-01
4.707999999999999963e-01
4.689999999999999725e-01
4.672000000000000597e-01
4.654000000000000359e-01
4.636000000000000121e-01
4.617999999999999883e-01
4.599999999999999645e-01
4.582000000000000517e-01
4.564000000000000279e-01
4.546000000000000041e-01
4.527999999999999803e-01
4.509999999999999565e-01
4.492000000000000437e-01
4.474000000000000199e-01
4.455999999999999961e-01
4.437999999999999723e-01
4.419999999999999485e-01
4.402000000000000357e-01
4.384000000000000119e-01
4.365999999999999881e-01
4.347999999999999643e-01
4.329999999999999405e-01
4.312000000000000277e-01
4.294000000000000039e-01
4.275999999999999801e-01
4.257999999999999563e-01
4.239999999999999325e-01
4.222000000000000197e-01
4.203999999999999959e-01
4.185999999999999721e-01
4.167999999999999483e-01
4.149999999999999245e-01
4.132000000000000117e-01
4.113999999999999879e-01
4.095999999999999641e-01
4.077999999999999403e-01
4.059999999999999165e-01
4.042000000000000037e-01
4.023999999999999799e-01
4.005999999999999561e-01
3.987999999999999323e-01
3.969999999999999085e-01
3.951999999999999957e-01
3.933999999999999719e-01
3.915999999999999481e-01
3.897999999999999243e-01
3.879999999999999005e-01
3.861999999999999877e-01
3.843999999999999639e-01
3.825999999999999401e-01
3.808000000000000274e-01
3.790000000000000036e-01
3.771999999999999797e-01
3.754000000000000670e-01
3.736000000000000432e-01
3.718000000000000194e-01
3.699999999999999956e-01
3.681999999999999718e-01
3.664000000000000590e-01
3.646000000000000352e-01
3.628000000000000114e-01
3.609999999999999876e-01
3.591999999999999638e-01
3.574000000000000510e-01
3.556000000000000272e-01
3.538000000000000034e-01
3.519999999999999796e-01
3.501999999999999558e-01
3.484000000000000430e-01
3.466000000000000192e-01
3.447999999999999954e-01
3.429999999999999716e-01
3.411999999999999478e-01
3.394000000000000350e-01
3.376000000000000112e-01
3.357999999999999874e-01
3.339999999999999636e-01
3.321999999999999398e-01
3.304000000000000270e-01
3.286000000000000032e-01
3.267999999999999794e-01
3.249999999999999556e-01
3.231999999999999318e-01
3.214000000000000190e-01
3.195999999999999952e-01
3.177999999999999714e-01
3.159999999999999476e-01
3.141999999999999238e-01
3.124000000000000110e-01
3.105999999999999872e-01
3.087999999999999634e-01
3.069999999999999396e-01
3.051999999999999158e-01
3.034000000000000030e-01
3.015999999999999792e-01
2.997999999999999554e-01
2.979999999999999316e-01
2.961999999999999078e-01
2.943999999999999950e-01
2.925999999999999712e-01
2.907999999999999474e-01
2.889999999999999236e-01
2.871999999999998998e-01
2.853999999999999870e-01
2.835999999999999632e-01
2.817999999999999394e-01
2.799999999999999156e-01
2.781999999999998918e-01
2.763999999999999790e-01
2.745999999999999552e-01
2.727999999999999314e-01
2.709999999999999076e-01
2.691999999999998838e-01
2.674000000000000821e-01
2.656000000000000583e-01
2.638000000000000345e-01
2.620000000000000107e-01
2.601999999999999869e-01
2.584000000000000741e-01
2.566000000000000503e-01
2.548000000000000265e-01
2.530000000000000027e-01
2.511999999999999789e-01
2.494000000000000661e-01
2.476000000000000423e-01
2.458000000000000185e-01
2.439999999999999947e-01
2.421999999999999709e-01
2.404000000000000581e-01
2.386000000000000343e-01
2.368000000000000105e-01
2.349999999999999867e-01
2.331999999999999629e-01
2.314000000000000501e-01
2.296000000000000263e-01
2.278000000000000025e-01
2.259999999999999787e-01
2.241999999999999549e-01
2.224000000000000421e-01
2.206000000000000183e-01
2.187999999999999945e-01
2.169999999999999707e-01
2.151999999999999469e-01
2.134000000000000341e-01
2.116000000000000103e-01
2.097999999999999865e-01
2.079999999999999627e-01
2.061999999999999389e-01
2.044000000000000261e-01
2.026000000000000023e-01
2.007999999999999785e-01
1.989999999999999547e-01
1.971999999999999309e-01
1.954000000000000181e-01
1.935999999999999943e-01
1.917999999999999705e-01
1.899999999999999467e-01
1.881999999999999229e-01
1.864000000000000101e-01
1.845999999999999863e-01
1.827999999999999625e-01
1.809999999999999387e-01
1.791999999999999149e-01
1.774000000000000021e-01
1.755999999999999783e-01
1.737999999999999545e-01
1.719999999999999307e-01
1.701999999999999069e-01
1.683999999999999941e-01
1.665999999999999703e-01
1.647999999999999465e-01
1.629999999999999227e-01
1.611999999999998989e-01
1.593999999999999861e-01
1.575999999999999623e-01
1.558000000000000496e-01
1.540000000000000258e-01
1.522000000000000020e-01
1.503999999999999782e-01
1.486000000000000654e-01
1.468000000000000416e-01
1.450000000000000178e-01
1.431999999999999940e-01
1.413999999999999702e-01
1.396000000000000574e-01
1.378000000000000336e-01
1.360000000000000098e-01
1.341999999999999860e-01
1.323999999999999622e-01
1.306000000000000494e-01
1.288000000000000256e-01
1.270000000000000018e-01
1.251999999999999780e-01
1.233999999999999542e-01
1.216000000000000414e-01
1.198000000000000176e-01
1.179999999999999938e-01
1.161999999999999700e-01
1.143999999999999462e-01
1.126000000000000334e-01
1.108000000000000096e-01
1.089999999999999858e-01
1.071999999999999620e-01
1.053999999999999382e-01
1.036000000000000254e-01
1.018000000000000016e-01
1.000000000000000056e-01
9.997800000000001130e-02
9.995600000000000318e-02
9.993400000000000893e-02
9.991200000000000081e-02
9.989000000000000656e-02
9.986800000000001232e-02
9.984600000000000419e-02
9.982400000000000995e-02
9.980200000000000182e-02
9.978000000000000758e-02
9.975799999999999945e-02
9.973600000000000521e-02
9.971400000000001096e-02
9.969200000000000284e-02
9.967000000000000859e-02
9.964800000000000046e-02
9.962600000000000622e-02
9.960400000000001197e-02
9.958200000000000385e-02
9.956000000000000960e-02
9.953800000000000148e-02
9.951600000000000723e-02
9.949399999999999911e-02
9.947200000000000486e-02
9.945000000000001061e-02
9.942800000000000249e-02
9.940600000000000824e-02
9.938400000000000012e-02
9.936200000000000587e-02
9.934000000000001163e-02
9.931800000000000350e-02
9.929600000000000926e-02
9.927400000000000113e-02
9.925200000000000689e-02
9.922999999999999876e-02
9.920800000000000451e-02
9.918600000000001027e-02
9.916400000000000214e-02
9.914200000000000790e-02
9.911999999999999977e-02
9.909800000000000553e-02
9.907600000000001128e-02
9.905400000000000316e-02
9.903200000000000891e-02
9.901000000000000079e-02
9.898800000000000654e-02
9.896600000000001229e-02
9.894400000000000417e-02
9.892200000000000992e-02
9.890000000000000180e-02
9.887800000000000755e-02
9.885599999999999943e-02
9.883400000000000518e-02
9.881200000000001094e-02
9.879000000000000281e-02
9.876800000000000856e-02
9.874600000000000044e-02
9.872400000000000619e-02
9.870200000000001195e-02
9.868000000000000382e-02
9.865800000000000958e-02
9.863600000000000145e-02
9.861400000000000721e-02
9.859199999999999908e-02
9.857000000000000484e-02
9.854800000000001059e-02
9.852600000000000247e-02
9.850400000000000822e-02
9.848200000000000010e-02
9.846000000000000585e-02
9.843800000000001160e-02
9.841600000000000348e-02
9.839400000000000923e-02
9.837200000000000111e-02
9.835000000000000686e-02
9.832799999999999874e-02
9.830600000000000449e-02
9.828400000000001024e-02
9.826200000000000212e-02
9.824000000000000787e-02
9.821799999999999975e-02
9.819600000000000550e-02
9.817400000000001126e-02
9.815200000000000313e-02
9.813000000000000889e-02
9.810800000000000076e-02
9.808600000000000652e-02
9.806400000000001227e-02
9.804200000000000415e-02
9.802000000000000990e-02
9.799800000000000177e-02
9.797600000000000753e-02
9.795399999999999940e-02
9.793200000000000516e-02
9.791000000000001091e-02
9.788800000000000279e-02
9.786600000000000854e-02
9.784400000000000042e-02
9.782200000000000617e-02
9.780000000000001192e-02
9.777800000000000380e-02
9.775600000000000955e-02
9.773400000000000143e-02
9.771200000000000718e-02
9.768999999999999906e-02
9.766800000000000481e-02
9.764600000000001057e-02
9.762400000000000244e-02
9.760200000000000820e-02
9.758000000000000007e-02
9.755800000000000582e-02
9.753600000000001158e-02
9.751400000000000345e-02
9.749200000000000921e-02
9.747000000000000108e-02
9.744800000000000684e-02
9.742600000000001259e-02
9.740400000000000447e-02
9.738200000000001022e-02
9.736000000000000210e-02
9.733800000000000785e-02
9.731599999999999973e-02
9.729400000000000548e-02
9.727200000000001123e-02
9.725000000000000311e-02
9.722800000000000886e-02
9.720600000000000074e-02
9.718400000000000649e-02
9.716199999999999837e-02
9.714000000000000412e-02
9.711800000000000987e-02
9.709600000000000175e-02
9.707400000000000750e-02
9.705199999999999938e-02
9.703000000000000513e-02
9.700800000000001089e-02
9.698600000000000276e-02
9.696400000000000852e-02
9.694200000000000039e-02
9.692000000000000615e-02
9.689800000000001190e-02
9.687600000000000378e-02
9.685400000000000953e-02
9.683200000000000141e-02
9.681000000000000716e-02
9.678799999999999903e-02
9.676600000000000479e-02
9.674400000000001054e-02
9.672200000000000242e-02
9.670000000000000817e-02
9.667800000000000005e-02
9.665600000000000580e-02
9.663400000000001155e-02
9.661200000000000343e-02
9.659000000000000918e-02
9.656800000000000106e-02
9.654600000000000681e-02
9.652399999999999869e-02
9.650200000000000444e-02
9.648000000000001020e-02
9.645800000000000207e-02
9.643600000000000783e-02
9.641399999999999970e-02
9.639200000000000546e-02
9.637000000000001121e-02
9.634800000000000308e-02
9.632600000000000884e-02
9.630400000000000071e-02
9.628200000000000647e-02
9.626000000000001222e-02
9.623800000000000410e-02
