2.223809523809523725e+01
2.186046511627906952e+01
2.182954545454545325e+01
2.211235955056179847e+01
2.214285714285714235e+01
2.218279569892473191e+01
2.205319148936170137e+01
2.182291666666666785e+01
2.172448979591836604e+01
2.182828282828282696e+01
2.162999999999999901e+01
2.191000000000000014e+01
2.180999999999999872e+01
2.196000000000000085e+01
2.148000000000000043e+01
2.167999999999999972e+01
2.157999999999999829e+01
2.162999999999999901e+01
2.183999999999999986e+01
2.164000000000000057e+01
2.133999999999999986e+01
2.135999999999999943e+01
2.017999999999999972e+01
1.989000000000000057e+01
1.996000000000000085e+01
2.005000000000000071e+01
2.055000000000000071e+01
2.048000000000000043e+01
1.978999999999999915e+01
1.910999999999999943e+01
1.892999999999999972e+01
1.864999999999999858e+01
1.889000000000000057e+01
1.912999999999999901e+01
1.967999999999999972e+01
1.948000000000000043e+01
1.942000000000000171e+01
1.944000000000000128e+01
1.942000000000000171e+01
1.957999999999999829e+01
2.007999999999999829e+01
2.030000000000000071e+01
2.044999999999999929e+01
2.046000000000000085e+01
2.032999999999999829e+01
2.035000000000000142e+01
2.003999999999999915e+01
2.033999999999999986e+01
2.016000000000000014e+01
1.987000000000000099e+01
1.996000000000000085e+01
1.978000000000000114e+01
2.019999999999999929e+01
2.035000000000000142e+01
2.073999999999999844e+01
2.110999999999999943e+01
2.160999999999999943e+01
2.189000000000000057e+01
2.239999999999999858e+01
2.289000000000000057e+01
2.294999999999999929e+01
2.319999999999999929e+01
2.355000000000000071e+01
2.344999999999999929e+01
2.358999999999999986e+01
2.355999999999999872e+01
2.371000000000000085e+01
2.432999999999999829e+01
2.466000000000000014e+01
2.451999999999999957e+01
2.455000000000000071e+01
2.421999999999999886e+01
2.394000000000000128e+01
2.444999999999999929e+01
2.503999999999999915e+01
2.569000000000000128e+01
2.580000000000000071e+01
2.601000000000000156e+01
2.632000000000000028e+01
2.667000000000000171e+01
2.676999999999999957e+01
2.692000000000000171e+01
2.858999999999999986e+01
2.885000000000000142e+01
2.878999999999999915e+01
2.935999999999999943e+01
2.891000000000000014e+01
2.926000000000000156e+01
2.953000000000000114e+01
2.957000000000000028e+01
3.028000000000000114e+01
3.096000000000000085e+01
3.103000000000000114e+01
3.069999999999999929e+01
2.978999999999999915e+01
3.080000000000000071e+01
3.062000000000000099e+01
3.053000000000000114e+01
3.092000000000000171e+01
3.155999999999999872e+01
3.126999999999999957e+01
3.132999999999999829e+01
3.196999999999999886e+01
3.191000000000000014e+01
3.225000000000000000e+01
3.253999999999999915e+01
3.314000000000000057e+01
3.268999999999999773e+01
3.279999999999999716e+01
3.314999999999999858e+01
3.325000000000000000e+01
3.300999999999999801e+01
3.295000000000000284e+01
3.265999999999999659e+01
3.272999999999999687e+01
3.263000000000000256e+01
3.221999999999999886e+01
3.214999999999999858e+01
3.228000000000000114e+01
3.214000000000000057e+01
3.257999999999999829e+01
3.339999999999999858e+01
3.339000000000000057e+01
3.338000000000000256e+01
3.309000000000000341e+01
3.335000000000000142e+01
3.385999999999999943e+01
3.347999999999999687e+01
3.406000000000000227e+01
3.486999999999999744e+01
3.496999999999999886e+01
3.532999999999999829e+01
3.584000000000000341e+01
3.520000000000000284e+01
3.500000000000000000e+01
3.575000000000000000e+01
3.602000000000000313e+01
3.595000000000000284e+01
3.563000000000000256e+01
3.607999999999999829e+01
3.603000000000000114e+01
3.693999999999999773e+01
3.695000000000000284e+01
3.715999999999999659e+01
3.724000000000000199e+01
3.757999999999999829e+01
3.779999999999999716e+01
3.752000000000000313e+01
3.850000000000000000e+01
3.903999999999999915e+01
3.896999999999999886e+01
3.875000000000000000e+01
3.915999999999999659e+01
4.007000000000000028e+01
4.095000000000000284e+01
4.007999999999999829e+01
4.025999999999999801e+01
4.050000000000000000e+01
4.049000000000000199e+01
4.025000000000000000e+01
4.088000000000000256e+01
4.071000000000000085e+01
4.082000000000000028e+01
4.175000000000000000e+01
4.220000000000000284e+01
4.302000000000000313e+01
4.307999999999999829e+01
4.335000000000000142e+01
4.314000000000000057e+01
4.403000000000000114e+01
4.425999999999999801e+01
4.527000000000000313e+01
4.564999999999999858e+01
4.571000000000000085e+01
4.728000000000000114e+01
4.818999999999999773e+01
4.789000000000000057e+01
4.861999999999999744e+01
4.838000000000000256e+01
4.854999999999999716e+01
4.803000000000000114e+01
4.763000000000000256e+01
4.782999999999999829e+01
4.810999999999999943e+01
4.878000000000000114e+01
4.910000000000000142e+01
4.947999999999999687e+01
4.956000000000000227e+01
5.043999999999999773e+01
5.099000000000000199e+01
5.189000000000000057e+01
5.168999999999999773e+01
5.271999999999999886e+01
5.332999999999999829e+01
5.500999999999999801e+01
5.459000000000000341e+01
5.545000000000000284e+01
5.611999999999999744e+01
5.618999999999999773e+01
5.589000000000000057e+01
5.667000000000000171e+01
5.750000000000000000e+01
5.802000000000000313e+01
5.853000000000000114e+01
5.928000000000000114e+01
5.970000000000000284e+01
5.997999999999999687e+01
6.065999999999999659e+01
6.082999999999999829e+01
6.122999999999999687e+01
6.160000000000000142e+01
6.178999999999999915e+01
6.171000000000000085e+01
6.236999999999999744e+01
6.295000000000000284e+01
6.382000000000000028e+01
6.450000000000000000e+01
6.470999999999999375e+01
6.557999999999999829e+01
6.593000000000000682e+01
6.665999999999999659e+01
6.712000000000000455e+01
6.684999999999999432e+01
6.659999999999999432e+01
6.601999999999999602e+01
6.562999999999999545e+01
6.567000000000000171e+01
6.709000000000000341e+01
6.860999999999999943e+01
6.807999999999999829e+01
6.884999999999999432e+01
6.832999999999999829e+01
6.832999999999999829e+01
6.865999999999999659e+01
6.789000000000000057e+01
6.745999999999999375e+01
6.779999999999999716e+01
6.731999999999999318e+01
6.853000000000000114e+01
6.856999999999999318e+01
6.915999999999999659e+01
6.946999999999999886e+01
6.940999999999999659e+01
7.009999999999999432e+01
7.028000000000000114e+01
7.073999999999999488e+01
7.037000000000000455e+01
7.154999999999999716e+01
7.123999999999999488e+01
7.056000000000000227e+01
7.062999999999999545e+01
7.107999999999999829e+01
7.204000000000000625e+01
7.220000000000000284e+01
7.120000000000000284e+01
7.084999999999999432e+01
7.020999999999999375e+01
7.121999999999999886e+01
7.209999999999999432e+01
7.271999999999999886e+01
7.326000000000000512e+01
7.248000000000000398e+01
7.256000000000000227e+01
7.243000000000000682e+01
7.243999999999999773e+01
7.189000000000000057e+01
7.248999999999999488e+01
7.270000000000000284e+01
7.275000000000000000e+01
7.276000000000000512e+01
7.229999999999999716e+01
7.276000000000000512e+01
7.357999999999999829e+01
7.343000000000000682e+01
7.331999999999999318e+01
7.356000000000000227e+01
7.409000000000000341e+01
7.423999999999999488e+01
7.456000000000000227e+01
7.490999999999999659e+01
7.465000000000000568e+01
7.478000000000000114e+01
7.523999999999999488e+01
7.598999999999999488e+01
7.809999999999999432e+01
7.932999999999999829e+01
7.926999999999999602e+01
7.973999999999999488e+01
7.854999999999999716e+01
7.921999999999999886e+01
7.954999999999999716e+01
7.923999999999999488e+01
7.962999999999999545e+01
8.037000000000000455e+01
8.093000000000000682e+01
8.106000000000000227e+01
8.076999999999999602e+01
8.209999999999999432e+01
8.209000000000000341e+01
8.293999999999999773e+01
8.310999999999999943e+01
8.357999999999999829e+01
8.443000000000000682e+01
8.465000000000000568e+01
8.518000000000000682e+01
8.531000000000000227e+01
8.609000000000000341e+01
8.520999999999999375e+01
8.548999999999999488e+01
8.610999999999999943e+01
8.693000000000000682e+01
8.693000000000000682e+01
8.575000000000000000e+01
8.553000000000000114e+01
8.553000000000000114e+01
8.515999999999999659e+01
8.628000000000000114e+01
8.548999999999999488e+01
8.570999999999999375e+01
8.690000000000000568e+01
8.673000000000000398e+01
8.770999999999999375e+01
8.804999999999999716e+01
8.821999999999999886e+01
8.818999999999999773e+01
8.939000000000000057e+01
8.859999999999999432e+01
8.931999999999999318e+01
9.095000000000000284e+01
9.081000000000000227e+01
9.173999999999999488e+01
9.265999999999999659e+01
9.207999999999999829e+01
9.212999999999999545e+01
9.168000000000000682e+01
9.243999999999999773e+01
9.326999999999999602e+01
9.368999999999999773e+01
9.334000000000000341e+01
9.473999999999999488e+01
9.603000000000000114e+01
9.615999999999999659e+01
9.753000000000000114e+01
9.612000000000000455e+01
9.492000000000000171e+01
9.506999999999999318e+01
9.559000000000000341e+01
9.651000000000000512e+01
9.710999999999999943e+01
9.753000000000000114e+01
9.770999999999999375e+01
9.817000000000000171e+01
9.990000000000000568e+01
1.000799999999999983e+02
9.931999999999999318e+01
1.004500000000000028e+02
1.014000000000000057e+02
1.005999999999999943e+02
1.010199999999999960e+02
1.007600000000000051e+02
1.007399999999999949e+02
1.005600000000000023e+02
1.002500000000000000e+02
1.009699999999999989e+02
1.019399999999999977e+02
1.013299999999999983e+02
1.009000000000000057e+02
1.023499999999999943e+02
1.016400000000000006e+02
1.022000000000000028e+02
1.026800000000000068e+02
1.025199999999999960e+02
1.031899999999999977e+02
1.029099999999999966e+02
1.047099999999999937e+02
1.053199999999999932e+02
1.058299999999999983e+02
1.066200000000000045e+02
1.058599999999999994e+02
1.073599999999999994e+02
1.078299999999999983e+02
1.080999999999999943e+02
1.082900000000000063e+02
1.083700000000000045e+02
1.095199999999999960e+02
1.110699999999999932e+02
1.130400000000000063e+02
1.127500000000000000e+02
1.124300000000000068e+02
1.135900000000000034e+02
1.139500000000000028e+02
1.138100000000000023e+02
1.144599999999999937e+02
1.148199999999999932e+02
1.168700000000000045e+02
1.167399999999999949e+02
1.163900000000000006e+02
1.159200000000000017e+02
1.172699999999999960e+02
1.164099999999999966e+02
1.157800000000000011e+02
1.172000000000000028e+02
1.163199999999999932e+02
1.186099999999999994e+02
1.195199999999999960e+02
1.200199999999999960e+02
1.200199999999999960e+02
1.190600000000000023e+02
1.202699999999999960e+02
1.205400000000000063e+02
1.213499999999999943e+02
1.221299999999999955e+02
1.200400000000000063e+02
1.206899999999999977e+02
1.213499999999999943e+02
1.219899999999999949e+02
1.215999999999999943e+02
1.225199999999999960e+02
1.220499999999999972e+02
1.225199999999999960e+02
1.227999999999999972e+02
1.238900000000000006e+02
1.244000000000000057e+02
1.240799999999999983e+02
1.246400000000000006e+02
1.279599999999999937e+02
1.291299999999999955e+02
1.284499999999999886e+02
1.308499999999999943e+02
1.299000000000000057e+02
1.299000000000000057e+02
1.304799999999999898e+02
1.299499999999999886e+02
1.315200000000000102e+02
1.317899999999999920e+02
1.320099999999999909e+02
1.323799999999999955e+02
1.327599999999999909e+02
1.343499999999999943e+02
1.330399999999999920e+02
1.335699999999999932e+02
1.338400000000000034e+02
1.330600000000000023e+02
1.337199999999999989e+02
1.338400000000000034e+02
1.331299999999999955e+02
1.317599999999999909e+02
1.309300000000000068e+02
1.308899999999999864e+02
1.317199999999999989e+02
1.307299999999999898e+02
1.305699999999999932e+02
1.305200000000000102e+02
1.309199999999999875e+02
1.305000000000000000e+02
1.307100000000000080e+02
1.304399999999999977e+02
1.318799999999999955e+02
1.310399999999999920e+02
1.313600000000000136e+02
1.324499999999999886e+02
1.323899999999999864e+02
1.340999999999999943e+02
1.344399999999999977e+02
1.344099999999999966e+02
1.337500000000000000e+02
1.333100000000000023e+02
1.337100000000000080e+02
1.339000000000000057e+02
1.353600000000000136e+02
1.346299999999999955e+02
1.346899999999999977e+02
1.374600000000000080e+02
1.363700000000000045e+02
1.384199999999999875e+02
1.389600000000000080e+02
1.395300000000000011e+02
1.412400000000000091e+02
1.422400000000000091e+02
1.427700000000000102e+02
1.437400000000000091e+02
1.446399999999999864e+02
1.457700000000000102e+02
1.466699999999999875e+02
1.470600000000000023e+02
1.462199999999999989e+02
1.460699999999999932e+02
1.467700000000000102e+02
1.467500000000000000e+02
1.478600000000000136e+02
1.482700000000000102e+02
1.481500000000000057e+02
1.503799999999999955e+02
1.503799999999999955e+02
1.506800000000000068e+02
1.500200000000000102e+02
1.506599999999999966e+02
1.509300000000000068e+02
1.497199999999999989e+02
1.502700000000000102e+02
1.503499999999999943e+02
1.508700000000000045e+02
1.512299999999999898e+02
1.513300000000000125e+02
1.516599999999999966e+02
1.521800000000000068e+02
1.533400000000000034e+02
1.536500000000000057e+02
1.538199999999999932e+02
1.526299999999999955e+02
1.542599999999999909e+02
1.540600000000000023e+02
1.549600000000000080e+02
1.550200000000000102e+02
1.552400000000000091e+02
1.563499999999999943e+02
1.557299999999999898e+02
1.557199999999999989e+02
1.564199999999999875e+02
1.559699999999999989e+02
1.576299999999999955e+02
1.574399999999999977e+02
1.558300000000000125e+02
1.549699999999999989e+02
1.555500000000000114e+02
1.568799999999999955e+02
1.586899999999999977e+02
1.587700000000000102e+02
1.573300000000000125e+02
1.580999999999999943e+02
1.578499999999999943e+02
1.582800000000000011e+02
1.581500000000000057e+02
1.579499999999999886e+02
1.575500000000000114e+02
1.562400000000000091e+02
1.554499999999999886e+02
1.555200000000000102e+02
1.554099999999999966e+02
1.559000000000000057e+02
1.559600000000000080e+02
1.556200000000000045e+02
1.552299999999999898e+02
1.545800000000000125e+02
1.543799999999999955e+02
1.545999999999999943e+02
1.545399999999999920e+02
1.558700000000000045e+02
1.567299999999999898e+02
1.566200000000000045e+02
1.564099999999999966e+02
1.566399999999999864e+02
1.572899999999999920e+02
1.577500000000000000e+02
1.581399999999999864e+02
1.597500000000000000e+02
1.590000000000000000e+02
1.600600000000000023e+02
1.627700000000000102e+02
1.635600000000000023e+02
1.631399999999999864e+02
1.637700000000000102e+02
1.646599999999999966e+02
1.668199999999999932e+02
1.658899999999999864e+02
1.656800000000000068e+02
1.669099999999999966e+02
1.686299999999999955e+02
1.692899999999999920e+02
1.705999999999999943e+02
1.704799999999999898e+02
1.702700000000000102e+02
1.705500000000000114e+02
1.709000000000000057e+02
1.714000000000000057e+02
1.719499999999999886e+02
1.737400000000000091e+02
1.739099999999999966e+02
1.751500000000000057e+02
1.788499999999999943e+02
1.784099999999999966e+02
1.784300000000000068e+02
1.794900000000000091e+02
1.804600000000000080e+02
1.802199999999999989e+02
1.801299999999999955e+02
1.795000000000000000e+02
1.725699999999999932e+02
1.739300000000000068e+02
1.719600000000000080e+02
1.720099999999999909e+02
1.732400000000000091e+02
1.746599999999999966e+02
1.742100000000000080e+02
1.742400000000000091e+02
1.748100000000000023e+02
1.758400000000000034e+02
1.747100000000000080e+02
1.758600000000000136e+02
1.767299999999999898e+02
1.782400000000000091e+02
1.771899999999999977e+02
1.790099999999999909e+02
1.790600000000000023e+02
1.786100000000000136e+02
1.794600000000000080e+02
1.783899999999999864e+02
1.787199999999999989e+02
1.771299999999999955e+02
1.774199999999999875e+02
1.792700000000000102e+02
1.771200000000000045e+02
1.756200000000000045e+02
1.752800000000000011e+02
1.753400000000000034e+02
1.762599999999999909e+02
1.782500000000000000e+02
1.776800000000000068e+02
1.776100000000000136e+02
1.789000000000000057e+02
1.788499999999999943e+02
