2.834693491458892822e-01
4.223366677761077881e-01
4.108755290508270264e-01
4.866763055324554443e-01
2.766810357570648193e-01
6.929798722267150879e-01
1.936441808938980103e-01
1.871066391468048096e-01
1.227347254753112793e-01
1.979599595069885254e-01
4.188315570354461670e-01
9.680399298667907715e-02
1.600434184074401855e-01
1.931724101305007935e-01
2.468717992305755615e-01
1.291530430316925049e-01
2.228029370307922363e-01
4.522795081138610840e-01
1.988831758499145508e-01
1.962873339653015137e-01
4.417828917503356934e-01
7.688296437263488770e-01
6.332285404205322266e-01
1.572603732347488403e-01
1.973518729209899902e-01
1.848633289337158203e-01
1.893147081136703491e-01
2.181234657764434814e-01
2.088792324066162109e-01
2.572658956050872803e-01
2.358710914850234985e-01
1.928455680608749390e-01
1.978080421686172485e-01
2.317610979080200195e-01
2.111376076936721802e-01
2.016746848821640015e-01
1.467636823654174805e-01
2.027492970228195190e-01
2.001083046197891235e-01
1.184768080711364746e-01
2.915482521057128906e-01
2.629296779632568359e-01
2.211049497127532959e-01
2.728880047798156738e-01
9.767729789018630981e-02
2.164688110351562500e-01
2.920878827571868896e-01
2.713288962841033936e-01
6.513799726963043213e-02
2.547918260097503662e-01
2.307356894016265869e-01
1.812653392553329468e-01
3.622705340385437012e-01
4.400104880332946777e-01
2.399567663669586182e-01
5.058342814445495605e-01
2.072574198246002197e-01
1.487022787332534790e-01
2.220979630947113037e-01
1.948587298393249512e-01
2.638492286205291748e-01
1.958522796630859375e-01
2.770358324050903320e-01
2.576087415218353271e-01
5.995442271232604980e-01
6.403742432594299316e-01
1.850565075874328613e-01
1.882746070623397827e-01
2.007262855768203735e-01
2.001748383045196533e-01
1.888305395841598511e-01
1.598721146583557129e-01
1.777017414569854736e-01
1.740882694721221924e-01
2.024032324552536011e-01
1.788346320390701294e-01
2.131394147872924805e-01
1.765318810939788818e-01
1.823891997337341309e-01
1.820026934146881104e-01
1.796035021543502808e-01
1.715499907732009888e-01
2.723847329616546631e-01
1.734293401241302490e-01
1.705421209335327148e-01
2.345864921808242798e-01
2.465958297252655029e-01
2.214756309986114502e-01
2.349459230899810791e-01
3.593256473541259766e-01
2.200116068124771118e-01
1.472177207469940186e-01
1.462816298007965088e-01
1.305006593465805054e-01
2.222172468900680542e-01
2.652053534984588623e-01
3.325283527374267578e-01
2.097585350275039673e-01
2.954421937465667725e-01
1.989369094371795654e-01
6.467017531394958496e-02
3.202667534351348877e-01
2.139648944139480591e-01
1.131297349929809570e-01
5.173745751380920410e-01
6.352403759956359863e-01
2.530508339405059814e-01
1.277029961347579956e-01
1.516763567924499512e-01
1.632558852434158325e-01
1.140954270958900452e-01
1.226653307676315308e-01
1.256784051656723022e-01
2.273106276988983154e-01
2.589021325111389160e-01
3.710824251174926758e-01
3.913027048110961914e-01
3.966944515705108643e-01
2.209933400154113770e-01
2.121446281671524048e-01
4.809754490852355957e-01
2.510142326354980469e-01
3.868962824344635010e-01
4.896084368228912354e-01
3.734242320060729980e-01
2.441508173942565918e-01
1.814335137605667114e-01
4.138153493404388428e-01
1.035046353936195374e-01
4.456505179405212402e-01
3.679183423519134521e-01
4.754806160926818848e-01
1.671214252710342407e-01
4.243469834327697754e-01
8.591224551200866699e-01
7.389408349990844727e-01
7.536533474922180176e-01
1.160325780510902405e-01
7.668539881706237793e-01
2.650800161063671112e-02
2.468583285808563232e-01
2.150301933288574219e-01
2.469940632581710815e-01
1.520511656999588013e-01
2.066631764173507690e-01
2.713671028614044189e-01
3.180417418479919434e-01
6.717688590288162231e-02
2.942657470703125000e-01
1.726345717906951904e-01
3.035814464092254639e-01
1.451645642518997192e-01
1.192318126559257507e-01
2.391359806060791016e-01
3.499499857425689697e-01
1.928403973579406738e-01
2.961431741714477539e-01
2.717360854148864746e-01
2.626613378524780273e-01
1.335405111312866211e-01
2.851188778877258301e-01
8.113227784633636475e-02
1.748541295528411865e-01
3.305803537368774414e-01
1.466028541326522827e-01
3.355496227741241455e-01
3.417574763298034668e-01
1.245552748441696167e-01
3.606094419956207275e-01
4.786801338195800781e-01
6.742004156112670898e-01
2.845187783241271973e-01
2.826174497604370117e-01
2.663026154041290283e-01
4.684227332472801208e-02
4.630268812179565430e-01
1.696131378412246704e-01
3.179791271686553955e-01
4.418880343437194824e-01
4.688628017902374268e-01
2.377598285675048828e-01
2.303102463483810425e-01
2.482122033834457397e-01
1.118436977267265320e-01
6.164944171905517578e-01
5.506206154823303223e-01
2.757626175880432129e-01
4.909285008907318115e-01
1.813632398843765259e-01
2.998421192169189453e-01
5.347703099250793457e-01
5.072707682847976685e-02
2.639280557632446289e-01
5.588799715042114258e-01
1.280745267868041992e-01
2.366833239793777466e-01
1.039820313453674316e-01
1.677177846431732178e-01
3.909028172492980957e-01
2.658838927745819092e-01
4.086987972259521484e-01
3.588322401046752930e-01
3.666630387306213379e-01
3.936379551887512207e-01
2.512359023094177246e-01
5.687704682350158691e-01
7.905286550521850586e-01
3.776356875896453857e-01
4.870581328868865967e-01
2.009298056364059448e-01
1.852410733699798584e-01
4.375640749931335449e-01
1.760096400976181030e-01
1.278506517410278320e-01
2.351989746093750000e-01
4.746008515357971191e-01
3.286021202802658081e-02
1.493889838457107544e-01
2.028387188911437988e-01
3.556558787822723389e-01
4.544424712657928467e-01
1.015610843896865845e-01
4.692183732986450195e-01
3.146705627441406250e-01
2.111132591962814331e-01
2.527604699134826660e-01
3.064271211624145508e-01
8.433467149734497070e-01
3.363879919052124023e-01
9.198944270610809326e-02
4.429143369197845459e-01
6.732963323593139648e-01
1.904354542493820190e-01
2.105935513973236084e-01
2.139936238527297974e-01
2.242217659950256348e-01
2.038191854953765869e-01
1.911578923463821411e-01
2.108966112136840820e-01
2.147624641656875610e-01
2.291337549686431885e-01
2.382411956787109375e-01
2.694923877716064453e-01
1.833565682172775269e-01
2.012037783861160278e-01
2.725332081317901611e-01
1.743105649948120117e-01
2.870965003967285156e-01
1.831070780754089355e-01
1.661346256732940674e-01
2.542115449905395508e-01
1.514748632907867432e-01
1.495167165994644165e-01
1.661081612110137939e-01
2.233922183513641357e-01
2.311835289001464844e-01
2.410896718502044678e-01
1.600738465785980225e-01
1.850250214338302612e-01
1.791913956403732300e-01
1.924864798784255981e-01
2.229820340871810913e-01
1.671832203865051270e-01
2.244582027196884155e-01
2.277453243732452393e-01
2.263041287660598755e-01
1.585352420806884766e-01
2.456683665513992310e-01
2.239627093076705933e-01
1.669697165489196777e-01
2.713437676429748535e-01
1.602727472782135010e-01
1.684729605913162231e-01
2.118784189224243164e-01
1.772523075342178345e-01
2.142861783504486084e-01
2.856799662113189697e-01
2.024316489696502686e-01
1.954361945390701294e-01
1.423268616199493408e-01
1.549701690673828125e-01
3.063217699527740479e-01
2.059427201747894287e-01
2.076010555028915405e-01
2.634480297565460205e-01
