3.453026413917541504e-01
5.214698314666748047e-01
4.585666358470916748e-01
3.385666608810424805e-01
5.196573585271835327e-02
2.160517126321792603e-01
8.461219668388366699e-01
2.361695468425750732e-01
3.067166507244110107e-01
4.386239945888519287e-01
4.133135676383972168e-01
4.834471046924591064e-01
2.814142405986785889e-01
5.145736932754516602e-01
1.821765154600143433e-01
4.622935354709625244e-01
6.159867048263549805e-01
6.872057914733886719e-01
1.631287634372711182e-01
2.119286209344863892e-01
2.573037445545196533e-01
1.195070371031761169e-01
2.868129312992095947e-01
2.767411172389984131e-01
2.530531585216522217e-01
3.045717477798461914e-01
3.121838569641113281e-01
9.548319131135940552e-02
3.057335615158081055e-01
2.066030353307723999e-01
2.169683724641799927e-01
2.303553372621536255e-01
3.237426280975341797e-01
6.308588981628417969e-01
6.912478208541870117e-01
1.913958489894866943e-01
2.865106761455535889e-01
2.466296255588531494e-01
3.132345080375671387e-01
2.283054888248443604e-01
2.521224319934844971e-01
2.288814932107925415e-01
7.655415683984756470e-02
2.342912256717681885e-01
4.374570250511169434e-01
6.763093471527099609e-01
1.791276633739471436e-01
1.558629274368286133e-01
1.862806975841522217e-01
1.778424680233001709e-01
1.887274980545043945e-01
1.873343735933303833e-01
1.835146397352218628e-01
1.956197917461395264e-01
1.779436916112899780e-01
2.335925549268722534e-01
1.499250084161758423e-01
1.860827803611755371e-01
1.891441792249679565e-01
2.498423308134078979e-01
2.758177220821380615e-01
1.767519712448120117e-01
2.109875082969665527e-01
1.787946969270706177e-01
3.552064001560211182e-01
4.297505915164947510e-01
1.724973469972610474e-01
4.690868854522705078e-01
1.775001734495162964e-01
5.989463925361633301e-01
1.144660860300064087e-01
6.136244535446166992e-01
1.894503384828567505e-01
2.121911048889160156e-01
5.740752220153808594e-01
2.038000822067260742e-01
1.625428646802902222e-01
1.761274337768554688e-01
2.621488869190216064e-01
1.830450892448425293e-01
2.746283113956451416e-01
2.618073523044586182e-01
2.997226715087890625e-01
1.890770941972732544e-01
1.870140433311462402e-01
3.194172680377960205e-01
1.919951736927032471e-01
2.807720601558685303e-01
2.433398067951202393e-01
1.446734815835952759e-01
1.484932601451873779e-01
2.913169264793395996e-01
1.234241425991058350e-01
1.743714809417724609e-01
2.189394980669021606e-01
1.807179600000381470e-01
2.005262374877929688e-01
2.598111033439636230e-01
1.745750159025192261e-01
2.074564993381500244e-01
2.326375991106033325e-01
1.917269378900527954e-01
1.339022219181060791e-01
1.916391104459762573e-01
1.558873355388641357e-01
1.591516584157943726e-01
1.970218569040298462e-01
2.270621508359909058e-01
1.915393918752670288e-01
5.261508002877235413e-02
2.501561045646667480e-01
2.816995084285736084e-01
2.119213938713073730e-01
2.033353149890899658e-01
2.452634572982788086e-01
2.070087492465972900e-01
2.534409463405609131e-01
1.295498460531234741e-01
4.021180868148803711e-01
3.860734105110168457e-01
2.452015429735183716e-01
7.615256309509277344e-01
5.721271634101867676e-01
2.132097184658050537e-01
1.118626296520233154e-01
2.117874771356582642e-01
2.043668329715728760e-01
2.218689322471618652e-01
2.049689292907714844e-01
2.046515494585037231e-01
2.176372110843658447e-01
1.884638220071792603e-01
2.169134318828582764e-01
2.698176801204681396e-01
2.056455910205841064e-01
7.080754637718200684e-01
2.116982638835906982e-01
1.940741240978240967e-01
2.643943130970001221e-01
1.729198396205902100e-01
1.678016781806945801e-01
1.857314854860305786e-01
1.819309890270233154e-01
2.495469450950622559e-01
1.645727157592773438e-01
2.515826225280761719e-01
2.383899986743927002e-01
2.433428615331649780e-01
1.614122688770294189e-01
1.950362473726272583e-01
2.430482506752014160e-01
1.796883791685104370e-01
2.222250699996948242e-01
2.404285669326782227e-01
2.776359915733337402e-01
1.387758105993270874e-01
2.621383070945739746e-01
1.605000495910644531e-01
3.788029253482818604e-01
9.489328414201736450e-02
1.217477545142173767e-01
1.614531725645065308e-01
2.219822257757186890e-01
3.021864295005798340e-01
2.428854405879974365e-01
2.519537508487701416e-01
4.233008623123168945e-01
4.743276238441467285e-01
4.717573523521423340e-01
2.991185486316680908e-01
3.621709942817687988e-01
4.264434874057769775e-01
7.626372575759887695e-01
5.096362829208374023e-01
2.792821824550628662e-01
1.367523968219757080e-01
9.979896247386932373e-02
6.665396094322204590e-01
1.690532416105270386e-01
7.774889469146728516e-01
4.239004850387573242e-01
2.706740200519561768e-01
2.747109830379486084e-01
2.089126855134963989e-01
5.288323163986206055e-01
2.295204848051071167e-01
2.317197620868682861e-01
1.678921729326248169e-01
2.298921048641204834e-01
2.533579170703887939e-01
2.160281240940093994e-01
2.220676392316818237e-01
3.401149511337280273e-01
2.011447101831436157e-01
4.375834167003631592e-01
2.498403489589691162e-01
3.001038134098052979e-01
3.405427038669586182e-01
