-inf
-inf
-inf
-inf
-inf
-inf
-inf
-inf
-inf
-inf
2.764999999999999858e+01
2.800000000000000000e+01
2.814999999999999858e+01
2.844999999999999929e+01
2.844999999999999929e+01
2.850000000000000000e+01
2.855000000000000071e+01
2.885000000000000142e+01
2.894999999999999929e+01
2.914999999999999858e+01
2.939999999999999858e+01
2.939999999999999858e+01
2.939999999999999858e+01
2.939999999999999858e+01
2.939999999999999858e+01
2.939999999999999858e+01
2.939999999999999858e+01
2.939999999999999858e+01
2.950000000000000000e+01
3.010000000000000142e+01
3.019999999999999929e+01
3.019999999999999929e+01
3.019999999999999929e+01
3.019999999999999929e+01
3.019999999999999929e+01
3.035000000000000142e+01
3.044999999999999929e+01
3.064999999999999858e+01
3.085000000000000142e+01
3.094999999999999929e+01
3.094999999999999929e+01
3.094999999999999929e+01
3.100000000000000000e+01
3.100000000000000000e+01
3.100000000000000000e+01
3.100000000000000000e+01
3.100000000000000000e+01
3.164999999999999858e+01
3.164999999999999858e+01
3.194999999999999929e+01
3.220000000000000284e+01
3.245000000000000284e+01
3.295000000000000284e+01
3.320000000000000284e+01
3.335000000000000142e+01
3.360000000000000142e+01
3.364999999999999858e+01
3.364999999999999858e+01
3.375000000000000000e+01
3.404999999999999716e+01
3.445000000000000284e+01
3.489999999999999858e+01
3.575000000000000000e+01
3.575000000000000000e+01
3.595000000000000284e+01
3.679999999999999716e+01
3.679999999999999716e+01
3.695000000000000284e+01
3.729999999999999716e+01
3.729999999999999716e+01
3.729999999999999716e+01
3.750000000000000000e+01
3.845000000000000284e+01
3.860000000000000142e+01
3.900000000000000000e+01
3.939999999999999858e+01
4.010000000000000142e+01
4.029999999999999716e+01
4.029999999999999716e+01
4.045000000000000284e+01
4.045000000000000284e+01
4.135000000000000142e+01
4.214999999999999858e+01
4.245000000000000284e+01
4.314999999999999858e+01
4.320000000000000284e+01
4.320000000000000284e+01
4.379999999999999716e+01
4.385000000000000142e+01
4.425000000000000000e+01
4.475000000000000000e+01
4.500000000000000000e+01
4.550000000000000000e+01
4.589999999999999858e+01
4.595000000000000284e+01
4.595000000000000284e+01
4.660000000000000142e+01
4.710000000000000142e+01
4.745000000000000284e+01
4.795000000000000284e+01
4.820000000000000284e+01
4.875000000000000000e+01
4.875000000000000000e+01
4.904999999999999716e+01
4.925000000000000000e+01
4.939999999999999858e+01
5.014999999999999858e+01
5.029999999999999716e+01
5.039999999999999858e+01
5.139999999999999858e+01
5.189999999999999858e+01
5.214999999999999858e+01
5.225000000000000000e+01
5.245000000000000284e+01
5.339999999999999858e+01
5.389999999999999858e+01
5.460000000000000142e+01
5.510000000000000142e+01
5.595000000000000284e+01
5.595000000000000284e+01
5.600000000000000000e+01
5.689999999999999858e+01
5.735000000000000142e+01
5.770000000000000284e+01
5.795000000000000284e+01
5.795000000000000284e+01
5.814999999999999858e+01
5.835000000000000142e+01
5.860000000000000142e+01
5.935000000000000142e+01
5.985000000000000142e+01
5.985000000000000142e+01
5.985000000000000142e+01
5.989999999999999858e+01
5.995000000000000284e+01
6.054999999999999716e+01
6.114999999999999858e+01
6.135000000000000142e+01
6.189999999999999858e+01
6.245000000000000284e+01
6.285000000000000142e+01
6.335000000000000142e+01
6.350000000000000000e+01
6.379999999999999716e+01
6.450000000000000000e+01
6.495000000000000284e+01
6.540000000000000568e+01
6.540000000000000568e+01
6.590000000000000568e+01
6.590000000000000568e+01
6.590000000000000568e+01
6.590000000000000568e+01
6.590000000000000568e+01
6.604999999999999716e+01
6.654999999999999716e+01
6.659999999999999432e+01
6.729999999999999716e+01
6.770000000000000284e+01
6.804999999999999716e+01
6.904999999999999716e+01
6.934999999999999432e+01
6.934999999999999432e+01
6.984999999999999432e+01
7.034999999999999432e+01
7.045000000000000284e+01
7.075000000000000000e+01
7.075000000000000000e+01
7.075000000000000000e+01
7.079999999999999716e+01
7.104999999999999716e+01
7.104999999999999716e+01
7.104999999999999716e+01
7.115000000000000568e+01
7.140000000000000568e+01
7.140000000000000568e+01
7.150000000000000000e+01
7.150000000000000000e+01
7.150000000000000000e+01
7.150000000000000000e+01
7.175000000000000000e+01
7.190000000000000568e+01
7.190000000000000568e+01
7.190000000000000568e+01
7.190000000000000568e+01
7.190000000000000568e+01
7.190000000000000568e+01
7.190000000000000568e+01
7.190000000000000568e+01
7.190000000000000568e+01
7.190000000000000568e+01
7.190000000000000568e+01
7.190000000000000568e+01
7.190000000000000568e+01
7.190000000000000568e+01
7.190000000000000568e+01
7.190000000000000568e+01
7.190000000000000568e+01
7.190000000000000568e+01
7.190000000000000568e+01
7.190000000000000568e+01
7.190000000000000568e+01
7.190000000000000568e+01
7.190000000000000568e+01
7.190000000000000568e+01
7.190000000000000568e+01
7.190000000000000568e+01
7.190000000000000568e+01
7.190000000000000568e+01
7.190000000000000568e+01
7.190000000000000568e+01
7.190000000000000568e+01
7.190000000000000568e+01
7.190000000000000568e+01
7.190000000000000568e+01
7.190000000000000568e+01
7.190000000000000568e+01
7.190000000000000568e+01
7.190000000000000568e+01
7.190000000000000568e+01
7.190000000000000568e+01
7.190000000000000568e+01
7.190000000000000568e+01
7.190000000000000568e+01
7.190000000000000568e+01
7.190000000000000568e+01
7.190000000000000568e+01
7.190000000000000568e+01
7.190000000000000568e+01
7.190000000000000568e+01
7.190000000000000568e+01
7.190000000000000568e+01
7.190000000000000568e+01
7.190000000000000568e+01
7.190000000000000568e+01
7.190000000000000568e+01
7.190000000000000568e+01
7.190000000000000568e+01
7.190000000000000568e+01
7.190000000000000568e+01
7.190000000000000568e+01
7.190000000000000568e+01
7.190000000000000568e+01
7.190000000000000568e+01
7.190000000000000568e+01
7.190000000000000568e+01
7.190000000000000568e+01
7.190000000000000568e+01
7.190000000000000568e+01
7.190000000000000568e+01
7.190000000000000568e+01
7.190000000000000568e+01
7.190000000000000568e+01
7.190000000000000568e+01
7.190000000000000568e+01
7.190000000000000568e+01
7.190000000000000568e+01
7.190000000000000568e+01
7.190000000000000568e+01
7.190000000000000568e+01
7.190000000000000568e+01
7.190000000000000568e+01
7.190000000000000568e+01
7.190000000000000568e+01
7.190000000000000568e+01
7.190000000000000568e+01
7.190000000000000568e+01
7.190000000000000568e+01
7.190000000000000568e+01
7.190000000000000568e+01
7.190000000000000568e+01
7.190000000000000568e+01
7.190000000000000568e+01
7.190000000000000568e+01
7.190000000000000568e+01
7.190000000000000568e+01
7.190000000000000568e+01
7.190000000000000568e+01
7.190000000000000568e+01
7.190000000000000568e+01
7.190000000000000568e+01
7.190000000000000568e+01
7.190000000000000568e+01
7.190000000000000568e+01
7.190000000000000568e+01
7.190000000000000568e+01
7.190000000000000568e+01
7.190000000000000568e+01
7.190000000000000568e+01
7.190000000000000568e+01
7.190000000000000568e+01
7.190000000000000568e+01
7.190000000000000568e+01
7.190000000000000568e+01
7.190000000000000568e+01
7.190000000000000568e+01
7.190000000000000568e+01
7.190000000000000568e+01
7.190000000000000568e+01
7.190000000000000568e+01
7.190000000000000568e+01
7.190000000000000568e+01
7.190000000000000568e+01
7.190000000000000568e+01
7.190000000000000568e+01
7.190000000000000568e+01
7.190000000000000568e+01
7.190000000000000568e+01
7.190000000000000568e+01
7.190000000000000568e+01
7.190000000000000568e+01
7.190000000000000568e+01
7.190000000000000568e+01
7.190000000000000568e+01
7.190000000000000568e+01
7.190000000000000568e+01
7.190000000000000568e+01
7.190000000000000568e+01
7.190000000000000568e+01
7.190000000000000568e+01
7.190000000000000568e+01
7.190000000000000568e+01
7.190000000000000568e+01
7.190000000000000568e+01
7.190000000000000568e+01
7.190000000000000568e+01
7.190000000000000568e+01
7.190000000000000568e+01
7.190000000000000568e+01
7.190000000000000568e+01
7.190000000000000568e+01
7.190000000000000568e+01
7.190000000000000568e+01
7.190000000000000568e+01
7.190000000000000568e+01
7.190000000000000568e+01
7.190000000000000568e+01
7.190000000000000568e+01
7.190000000000000568e+01
7.190000000000000568e+01
7.190000000000000568e+01
7.190000000000000568e+01
7.190000000000000568e+01
7.190000000000000568e+01
7.190000000000000568e+01
7.190000000000000568e+01
7.190000000000000568e+01
7.190000000000000568e+01
7.190000000000000568e+01
7.190000000000000568e+01
7.190000000000000568e+01
7.190000000000000568e+01
7.190000000000000568e+01
7.190000000000000568e+01
7.190000000000000568e+01
7.190000000000000568e+01
7.190000000000000568e+01
7.190000000000000568e+01
7.190000000000000568e+01
7.190000000000000568e+01
7.190000000000000568e+01
7.190000000000000568e+01
7.190000000000000568e+01
7.190000000000000568e+01
7.190000000000000568e+01
7.190000000000000568e+01
7.190000000000000568e+01
7.190000000000000568e+01
7.190000000000000568e+01
7.190000000000000568e+01
7.190000000000000568e+01
7.190000000000000568e+01
7.190000000000000568e+01
7.190000000000000568e+01
7.209999999999999432e+01
7.270000000000000284e+01
7.270000000000000284e+01
7.270000000000000284e+01
7.270000000000000284e+01
7.295000000000000284e+01
7.329999999999999716e+01
7.354999999999999716e+01
7.354999999999999716e+01
7.434999999999999432e+01
7.604999999999999716e+01
7.715000000000000568e+01
7.750000000000000000e+01
7.925000000000000000e+01
7.925000000000000000e+01
7.925000000000000000e+01
7.925000000000000000e+01
7.925000000000000000e+01
7.925000000000000000e+01
7.925000000000000000e+01
7.959999999999999432e+01
7.959999999999999432e+01
7.959999999999999432e+01
7.959999999999999432e+01
7.959999999999999432e+01
7.959999999999999432e+01
7.959999999999999432e+01
7.959999999999999432e+01
8.104999999999999716e+01
8.254999999999999716e+01
8.279999999999999716e+01
8.279999999999999716e+01
8.400000000000000000e+01
8.400000000000000000e+01
8.400000000000000000e+01
8.400000000000000000e+01
8.400000000000000000e+01
8.400000000000000000e+01
8.400000000000000000e+01
8.400000000000000000e+01
8.400000000000000000e+01
8.400000000000000000e+01
8.400000000000000000e+01
8.400000000000000000e+01
8.470000000000000284e+01
8.479999999999999716e+01
8.584999999999999432e+01
8.584999999999999432e+01
8.584999999999999432e+01
8.584999999999999432e+01
8.584999999999999432e+01
8.654999999999999716e+01
8.654999999999999716e+01
8.654999999999999716e+01
8.654999999999999716e+01
8.654999999999999716e+01
8.654999999999999716e+01
8.654999999999999716e+01
8.654999999999999716e+01
8.654999999999999716e+01
8.654999999999999716e+01
8.704999999999999716e+01
8.704999999999999716e+01
8.725000000000000000e+01
8.770000000000000284e+01
8.804999999999999716e+01
8.804999999999999716e+01
8.804999999999999716e+01
8.929999999999999716e+01
8.929999999999999716e+01
8.929999999999999716e+01
8.929999999999999716e+01
8.929999999999999716e+01
8.929999999999999716e+01
8.929999999999999716e+01
8.929999999999999716e+01
8.929999999999999716e+01
8.975000000000000000e+01
9.065000000000000568e+01
9.104999999999999716e+01
9.104999999999999716e+01
9.279999999999999716e+01
9.379999999999999716e+01
9.554999999999999716e+01
9.754999999999999716e+01
9.829999999999999716e+01
9.829999999999999716e+01
9.829999999999999716e+01
9.829999999999999716e+01
9.829999999999999716e+01
9.829999999999999716e+01
9.829999999999999716e+01
9.829999999999999716e+01
9.829999999999999716e+01
9.829999999999999716e+01
9.829999999999999716e+01
1.002500000000000000e+02
1.017500000000000000e+02
1.017500000000000000e+02
1.017500000000000000e+02
1.017500000000000000e+02
1.017500000000000000e+02
1.017500000000000000e+02
1.017500000000000000e+02
1.022999999999999972e+02
1.037500000000000000e+02
1.045999999999999943e+02
1.070499999999999972e+02
1.074000000000000057e+02
1.074500000000000028e+02
1.076500000000000057e+02
1.086500000000000057e+02
1.102000000000000028e+02
1.107000000000000028e+02
1.116500000000000057e+02
1.124500000000000028e+02
1.137500000000000000e+02
1.157999999999999972e+02
1.157999999999999972e+02
1.161500000000000057e+02
1.161500000000000057e+02
1.161500000000000057e+02
1.179000000000000057e+02
1.179000000000000057e+02
1.179000000000000057e+02
1.179000000000000057e+02
1.179000000000000057e+02
1.179000000000000057e+02
1.179000000000000057e+02
1.189500000000000028e+02
1.196500000000000057e+02
1.207999999999999972e+02
1.210499999999999972e+02
1.217000000000000028e+02
1.234500000000000028e+02
1.242000000000000028e+02
1.242000000000000028e+02
1.251500000000000057e+02
1.279500000000000028e+02
1.285000000000000000e+02
1.318000000000000114e+02
1.327500000000000000e+02
1.333499999999999943e+02
1.334499999999999886e+02
1.344499999999999886e+02
1.362500000000000000e+02
1.385500000000000114e+02
1.423499999999999943e+02
1.437500000000000000e+02
1.441500000000000057e+02
1.455000000000000000e+02
1.462500000000000000e+02
1.478000000000000114e+02
1.478000000000000114e+02
1.478000000000000114e+02
1.478000000000000114e+02
1.493499999999999943e+02
1.496999999999999886e+02
1.522500000000000000e+02
1.540999999999999943e+02
1.556999999999999886e+02
1.589000000000000057e+02
1.603000000000000114e+02
1.607500000000000000e+02
1.620500000000000114e+02
1.623000000000000114e+02
1.625500000000000114e+02
1.626999999999999886e+02
1.660000000000000000e+02
1.661999999999999886e+02
1.701999999999999886e+02
1.710000000000000000e+02
1.714499999999999886e+02
1.756999999999999886e+02
1.773000000000000114e+02
1.773000000000000114e+02
1.773000000000000114e+02
1.780000000000000000e+02
1.783000000000000114e+02
1.805999999999999943e+02
1.820500000000000114e+02
1.864000000000000057e+02
1.864499999999999886e+02
1.866500000000000057e+02
1.888499999999999943e+02
1.916999999999999886e+02
1.933499999999999943e+02
1.958000000000000114e+02
1.986500000000000057e+02
2.004499999999999886e+02
2.007500000000000000e+02
2.007500000000000000e+02
2.027500000000000000e+02
2.059000000000000057e+02
2.085999999999999943e+02
2.087500000000000000e+02
2.110500000000000114e+02
2.127500000000000000e+02
2.127500000000000000e+02
2.127500000000000000e+02
2.127500000000000000e+02
2.127500000000000000e+02
2.127500000000000000e+02
2.133499999999999943e+02
2.145999999999999943e+02
2.151500000000000057e+02
2.153499999999999943e+02
2.153499999999999943e+02
2.156500000000000057e+02
2.165500000000000114e+02
2.194499999999999886e+02
2.200000000000000000e+02
2.210999999999999943e+02
2.223000000000000114e+02
2.258000000000000114e+02
2.272500000000000000e+02
2.272500000000000000e+02
2.272500000000000000e+02
2.272500000000000000e+02
2.296500000000000057e+02
2.317500000000000000e+02
2.318000000000000114e+02
2.320500000000000114e+02
2.350500000000000114e+02
2.353000000000000114e+02
2.366500000000000057e+02
2.376999999999999886e+02
2.397500000000000000e+02
2.414000000000000057e+02
2.429499999999999886e+02
2.440500000000000114e+02
2.440999999999999943e+02
2.465500000000000114e+02
2.473000000000000114e+02
2.475000000000000000e+02
2.500999999999999943e+02
2.528499999999999943e+02
2.535000000000000000e+02
2.560000000000000000e+02
2.578999999999999773e+02
2.588500000000000227e+02
2.588500000000000227e+02
2.613000000000000114e+02
2.630500000000000114e+02
2.630500000000000114e+02
2.640000000000000000e+02
2.640000000000000000e+02
2.647500000000000000e+02
2.647500000000000000e+02
2.647500000000000000e+02
2.663999999999999773e+02
2.693999999999999773e+02
2.707500000000000000e+02
2.720000000000000000e+02
2.748999999999999773e+02
2.766000000000000227e+02
2.780500000000000114e+02
2.780500000000000114e+02
2.806000000000000227e+02
2.828999999999999773e+02
2.828999999999999773e+02
2.842500000000000000e+02
2.875500000000000114e+02
2.898500000000000227e+02
2.903000000000000114e+02
2.914499999999999886e+02
2.940000000000000000e+02
2.945500000000000114e+02
2.964499999999999886e+02
2.988000000000000114e+02
2.988000000000000114e+02
3.008000000000000114e+02
3.046499999999999773e+02
3.058500000000000227e+02
3.065500000000000114e+02
3.066999999999999886e+02
3.093500000000000227e+02
3.108500000000000227e+02
3.123500000000000227e+02
3.126499999999999773e+02
3.126499999999999773e+02
3.153000000000000114e+02
3.161499999999999773e+02
3.175000000000000000e+02
3.181000000000000227e+02
3.185000000000000000e+02
3.211999999999999886e+02
3.213500000000000227e+02
3.213500000000000227e+02
3.213500000000000227e+02
3.213500000000000227e+02
3.213500000000000227e+02
3.213500000000000227e+02
3.213500000000000227e+02
3.213500000000000227e+02
3.213500000000000227e+02
3.213500000000000227e+02
3.213500000000000227e+02
3.213500000000000227e+02
3.213500000000000227e+02
3.213500000000000227e+02
3.215500000000000114e+02
3.215500000000000114e+02
3.235000000000000000e+02
3.270000000000000000e+02
3.272500000000000000e+02
3.291499999999999773e+02
3.293000000000000114e+02
3.305000000000000000e+02
3.306999999999999886e+02
3.306999999999999886e+02
3.306999999999999886e+02
3.310500000000000114e+02
3.316999999999999886e+02
3.316999999999999886e+02
3.316999999999999886e+02
3.330500000000000114e+02
3.350500000000000114e+02
3.366999999999999886e+02
3.395500000000000114e+02
3.401499999999999773e+02
3.403000000000000114e+02
3.404499999999999886e+02
3.414499999999999886e+02
3.418000000000000114e+02
3.418000000000000114e+02
3.418000000000000114e+02
3.428000000000000114e+02
3.428000000000000114e+02
3.428000000000000114e+02
3.431999999999999886e+02
3.444499999999999886e+02
3.451499999999999773e+02
3.453000000000000114e+02
3.453500000000000227e+02
3.453500000000000227e+02
3.483999999999999773e+02
3.497500000000000000e+02
3.497500000000000000e+02
3.497500000000000000e+02
3.499499999999999886e+02
3.499499999999999886e+02
3.499499999999999886e+02
3.510500000000000114e+02
3.523500000000000227e+02
3.530500000000000114e+02
3.541999999999999886e+02
3.550000000000000000e+02
3.550000000000000000e+02
3.580000000000000000e+02
3.598500000000000227e+02
3.613999999999999773e+02
3.613999999999999773e+02
3.616999999999999886e+02
3.631999999999999886e+02
3.635500000000000114e+02
3.637500000000000000e+02
3.663000000000000114e+02
3.668999999999999773e+02
3.668999999999999773e+02
3.678999999999999773e+02
3.692500000000000000e+02
3.705500000000000114e+02
3.705500000000000114e+02
3.705500000000000114e+02
3.714499999999999886e+02
3.714499999999999886e+02
3.726499999999999773e+02
3.726499999999999773e+02
3.729499999999999886e+02
3.758999999999999773e+02
3.758999999999999773e+02
3.758999999999999773e+02
3.758999999999999773e+02
3.758999999999999773e+02
3.758999999999999773e+02
3.758999999999999773e+02
3.758999999999999773e+02
3.758999999999999773e+02
3.758999999999999773e+02
3.758999999999999773e+02
3.758999999999999773e+02
3.758999999999999773e+02
3.758999999999999773e+02
3.758999999999999773e+02
3.758999999999999773e+02
3.758999999999999773e+02
3.758999999999999773e+02
3.758999999999999773e+02
3.758999999999999773e+02
3.758999999999999773e+02
3.758999999999999773e+02
3.758999999999999773e+02
3.758999999999999773e+02
3.758999999999999773e+02
3.758999999999999773e+02
3.758999999999999773e+02
3.758999999999999773e+02
3.758999999999999773e+02
3.758999999999999773e+02
3.758999999999999773e+02
3.758999999999999773e+02
3.758999999999999773e+02
3.758999999999999773e+02
3.758999999999999773e+02
3.758999999999999773e+02
3.758999999999999773e+02
3.758999999999999773e+02
3.758999999999999773e+02
3.758999999999999773e+02
3.758999999999999773e+02
3.758999999999999773e+02
3.758999999999999773e+02
3.758999999999999773e+02
3.758999999999999773e+02
3.758999999999999773e+02
3.758999999999999773e+02
3.758999999999999773e+02
3.758999999999999773e+02
3.758999999999999773e+02
3.758999999999999773e+02
3.758999999999999773e+02
3.758999999999999773e+02
3.758999999999999773e+02
3.758999999999999773e+02
3.758999999999999773e+02
3.758999999999999773e+02
3.758999999999999773e+02
3.758999999999999773e+02
3.758999999999999773e+02
3.758999999999999773e+02
3.758999999999999773e+02
3.758999999999999773e+02
3.758999999999999773e+02
3.758999999999999773e+02
3.758999999999999773e+02
3.758999999999999773e+02
3.758999999999999773e+02
3.758999999999999773e+02
3.758999999999999773e+02
3.758999999999999773e+02
3.758999999999999773e+02
3.758999999999999773e+02
3.758999999999999773e+02
3.758999999999999773e+02
3.758999999999999773e+02
3.758999999999999773e+02
3.761499999999999773e+02
3.766499999999999773e+02
3.785000000000000000e+02
3.785000000000000000e+02
3.796000000000000227e+02
3.796000000000000227e+02
3.796000000000000227e+02
3.796000000000000227e+02
3.796000000000000227e+02
3.796000000000000227e+02
3.796000000000000227e+02
3.813500000000000227e+02
3.831999999999999886e+02
3.836000000000000227e+02
3.836000000000000227e+02
3.836000000000000227e+02
3.841499999999999773e+02
3.850000000000000000e+02
3.852500000000000000e+02
3.852500000000000000e+02
3.852500000000000000e+02
3.852500000000000000e+02
3.852500000000000000e+02
3.853999999999999773e+02
3.853999999999999773e+02
3.853999999999999773e+02
3.863500000000000227e+02
3.863999999999999773e+02
3.863999999999999773e+02
3.870500000000000114e+02
3.878500000000000227e+02
3.878500000000000227e+02
3.878500000000000227e+02
3.884499999999999886e+02
3.890500000000000114e+02
3.895500000000000114e+02
3.927500000000000000e+02
3.931999999999999886e+02
3.937500000000000000e+02
3.945500000000000114e+02
3.954499999999999886e+02
3.954499999999999886e+02
3.954499999999999886e+02
3.954499999999999886e+02
3.954499999999999886e+02
3.954499999999999886e+02
3.954499999999999886e+02
3.954499999999999886e+02
3.954499999999999886e+02
3.954499999999999886e+02
3.954499999999999886e+02
3.954499999999999886e+02
3.954499999999999886e+02
3.954499999999999886e+02
3.954499999999999886e+02
3.958500000000000227e+02
3.959499999999999886e+02
3.959499999999999886e+02
3.959499999999999886e+02
3.965500000000000114e+02
3.965500000000000114e+02
3.965500000000000114e+02
3.965500000000000114e+02
3.965500000000000114e+02
3.965500000000000114e+02
3.991999999999999886e+02
4.008000000000000114e+02
4.008000000000000114e+02
4.008000000000000114e+02
4.008000000000000114e+02
4.008000000000000114e+02
4.008000000000000114e+02
4.008000000000000114e+02
4.008000000000000114e+02
4.008000000000000114e+02
4.008000000000000114e+02
4.008000000000000114e+02
4.008000000000000114e+02
4.008000000000000114e+02
4.008000000000000114e+02
4.008000000000000114e+02
4.008000000000000114e+02
4.008000000000000114e+02
4.008000000000000114e+02
4.008000000000000114e+02
4.008000000000000114e+02
4.008000000000000114e+02
4.008000000000000114e+02
4.008000000000000114e+02
4.008000000000000114e+02
4.008000000000000114e+02
4.008000000000000114e+02
4.008000000000000114e+02
4.008000000000000114e+02
4.008000000000000114e+02
4.008000000000000114e+02
4.008000000000000114e+02
4.008000000000000114e+02
4.008000000000000114e+02
4.008000000000000114e+02
4.008000000000000114e+02
4.008000000000000114e+02
4.008000000000000114e+02
4.008000000000000114e+02
4.008000000000000114e+02
4.008000000000000114e+02
4.008000000000000114e+02
4.008000000000000114e+02
4.008000000000000114e+02
4.008000000000000114e+02
4.008000000000000114e+02
4.008000000000000114e+02
4.008000000000000114e+02
4.008000000000000114e+02
4.008000000000000114e+02
4.008000000000000114e+02
4.008000000000000114e+02
4.008000000000000114e+02
4.008000000000000114e+02
4.008000000000000114e+02
4.008000000000000114e+02
4.008000000000000114e+02
4.008000000000000114e+02
4.008000000000000114e+02
4.008000000000000114e+02
4.008000000000000114e+02
4.008000000000000114e+02
4.008000000000000114e+02
4.008000000000000114e+02
4.008000000000000114e+02
4.008000000000000114e+02
4.008000000000000114e+02
4.008000000000000114e+02
4.008000000000000114e+02
4.008000000000000114e+02
4.008000000000000114e+02
4.008000000000000114e+02
4.024499999999999886e+02
4.043999999999999773e+02
4.055000000000000000e+02
4.055000000000000000e+02
4.055000000000000000e+02
4.056499999999999773e+02
4.070500000000000114e+02
4.076499999999999773e+02
4.076499999999999773e+02
4.080500000000000114e+02
4.086000000000000227e+02
4.086000000000000227e+02
4.086000000000000227e+02
4.086999999999999886e+02
4.101000000000000227e+02
4.101000000000000227e+02
4.105000000000000000e+02
4.123999999999999773e+02
4.137500000000000000e+02
4.142500000000000000e+02
4.158500000000000227e+02
4.158500000000000227e+02
4.158500000000000227e+02
4.158500000000000227e+02
4.158500000000000227e+02
4.158500000000000227e+02
4.158500000000000227e+02
4.158500000000000227e+02
4.158500000000000227e+02
4.158500000000000227e+02
4.161499999999999773e+02
4.161499999999999773e+02
4.171499999999999773e+02
4.181000000000000227e+02
4.186000000000000227e+02
4.198999999999999773e+02
4.210000000000000000e+02
4.213500000000000227e+02
4.218000000000000114e+02
4.226000000000000227e+02
4.238500000000000227e+02
4.238500000000000227e+02
4.238500000000000227e+02
4.238500000000000227e+02
4.238500000000000227e+02
4.238500000000000227e+02
4.238500000000000227e+02
4.238500000000000227e+02
4.238500000000000227e+02
4.238500000000000227e+02
4.238500000000000227e+02
4.238500000000000227e+02
4.245500000000000114e+02
4.248500000000000227e+02
4.251000000000000227e+02
4.251000000000000227e+02
4.251000000000000227e+02
4.255500000000000114e+02
4.255500000000000114e+02
4.258500000000000227e+02
4.258500000000000227e+02
4.258500000000000227e+02
4.258500000000000227e+02
4.258500000000000227e+02
4.258500000000000227e+02
4.258500000000000227e+02
4.258500000000000227e+02
4.258500000000000227e+02
4.258500000000000227e+02
4.258500000000000227e+02
4.258500000000000227e+02
4.258500000000000227e+02
4.268999999999999773e+02
4.268999999999999773e+02
4.268999999999999773e+02
4.268999999999999773e+02
4.280500000000000114e+02
4.280500000000000114e+02
4.280500000000000114e+02
4.280500000000000114e+02
4.280500000000000114e+02
4.280500000000000114e+02
4.280500000000000114e+02
4.280500000000000114e+02
4.280500000000000114e+02
4.280500000000000114e+02
4.280500000000000114e+02
4.280500000000000114e+02
4.280500000000000114e+02
4.280500000000000114e+02
4.280500000000000114e+02
4.281000000000000227e+02
4.282500000000000000e+02
4.282500000000000000e+02
4.282500000000000000e+02
4.282500000000000000e+02
4.282500000000000000e+02
4.282500000000000000e+02
4.282500000000000000e+02
4.282500000000000000e+02
4.282500000000000000e+02
4.293999999999999773e+02
4.303500000000000227e+02
4.304499999999999886e+02
4.312500000000000000e+02
4.314499999999999886e+02
4.337500000000000000e+02
4.337500000000000000e+02
4.337500000000000000e+02
4.337500000000000000e+02
4.338000000000000114e+02
4.338000000000000114e+02
4.338000000000000114e+02
4.346999999999999886e+02
4.346999999999999886e+02
4.346999999999999886e+02
4.346999999999999886e+02
4.346999999999999886e+02
4.346999999999999886e+02
4.346999999999999886e+02
4.346999999999999886e+02
4.346999999999999886e+02
4.346999999999999886e+02
4.358500000000000227e+02
4.358500000000000227e+02
4.360000000000000000e+02
4.360000000000000000e+02
4.360000000000000000e+02
4.360000000000000000e+02
4.360000000000000000e+02
4.360000000000000000e+02
4.363000000000000114e+02
4.363000000000000114e+02
4.363000000000000114e+02
4.363000000000000114e+02
4.363000000000000114e+02
4.363000000000000114e+02
4.363000000000000114e+02
4.363000000000000114e+02
4.363000000000000114e+02
4.363000000000000114e+02
4.363000000000000114e+02
4.363000000000000114e+02
4.363000000000000114e+02
4.363000000000000114e+02
4.391999999999999886e+02
4.391999999999999886e+02
4.391999999999999886e+02
4.391999999999999886e+02
4.391999999999999886e+02
4.391999999999999886e+02
4.391999999999999886e+02
4.396499999999999773e+02
4.396499999999999773e+02
4.396499999999999773e+02
4.406999999999999886e+02
4.406999999999999886e+02
4.406999999999999886e+02
4.406999999999999886e+02
4.406999999999999886e+02
4.406999999999999886e+02
4.406999999999999886e+02
4.406999999999999886e+02
4.406999999999999886e+02
4.406999999999999886e+02
4.406999999999999886e+02
4.406999999999999886e+02
4.406999999999999886e+02
4.406999999999999886e+02
4.406999999999999886e+02
4.406999999999999886e+02
4.406999999999999886e+02
4.406999999999999886e+02
4.406999999999999886e+02
4.406999999999999886e+02
4.406999999999999886e+02
4.406999999999999886e+02
4.406999999999999886e+02
4.406999999999999886e+02
4.406999999999999886e+02
4.406999999999999886e+02
4.406999999999999886e+02
4.406999999999999886e+02
4.406999999999999886e+02
4.406999999999999886e+02
4.406999999999999886e+02
4.406999999999999886e+02
4.406999999999999886e+02
4.406999999999999886e+02
4.406999999999999886e+02
4.406999999999999886e+02
4.406999999999999886e+02
4.406999999999999886e+02
4.406999999999999886e+02
4.406999999999999886e+02
4.406999999999999886e+02
4.406999999999999886e+02
4.406999999999999886e+02
4.406999999999999886e+02
4.406999999999999886e+02
4.406999999999999886e+02
4.406999999999999886e+02
4.406999999999999886e+02
4.406999999999999886e+02
4.406999999999999886e+02
4.406999999999999886e+02
4.406999999999999886e+02
4.406999999999999886e+02
4.406999999999999886e+02
4.406999999999999886e+02
4.406999999999999886e+02
4.406999999999999886e+02
4.406999999999999886e+02
4.406999999999999886e+02
4.406999999999999886e+02
4.406999999999999886e+02
4.406999999999999886e+02
4.406999999999999886e+02
4.406999999999999886e+02
4.406999999999999886e+02
4.413500000000000227e+02
4.413500000000000227e+02
4.413500000000000227e+02
4.415500000000000114e+02
4.420500000000000114e+02
4.429499999999999886e+02
4.433500000000000227e+02
4.440000000000000000e+02
4.440000000000000000e+02
4.440000000000000000e+02
4.440000000000000000e+02
4.447500000000000000e+02
4.447500000000000000e+02
4.447500000000000000e+02
4.447500000000000000e+02
4.447500000000000000e+02
4.447500000000000000e+02
4.447500000000000000e+02
4.447500000000000000e+02
4.447500000000000000e+02
4.447500000000000000e+02
4.447500000000000000e+02
4.447500000000000000e+02
4.447500000000000000e+02
4.459499999999999886e+02
4.459499999999999886e+02
4.459499999999999886e+02
4.459499999999999886e+02
4.466999999999999886e+02
4.468999999999999773e+02
4.468999999999999773e+02
4.468999999999999773e+02
4.468999999999999773e+02
4.471499999999999773e+02
4.471499999999999773e+02
4.474499999999999886e+02
4.474499999999999886e+02
4.474499999999999886e+02
4.496499999999999773e+02
4.496499999999999773e+02
4.496499999999999773e+02
4.501999999999999886e+02
4.501999999999999886e+02
4.501999999999999886e+02
4.501999999999999886e+02
4.501999999999999886e+02
4.501999999999999886e+02
4.501999999999999886e+02
4.501999999999999886e+02
4.501999999999999886e+02
4.503999999999999773e+02
4.503999999999999773e+02
4.503999999999999773e+02
4.503999999999999773e+02
4.503999999999999773e+02
4.503999999999999773e+02
4.503999999999999773e+02
4.503999999999999773e+02
4.503999999999999773e+02
4.503999999999999773e+02
4.503999999999999773e+02
4.503999999999999773e+02
4.503999999999999773e+02
4.503999999999999773e+02
4.503999999999999773e+02
4.503999999999999773e+02
4.503999999999999773e+02
4.503999999999999773e+02
4.503999999999999773e+02
4.503999999999999773e+02
4.503999999999999773e+02
4.503999999999999773e+02
4.503999999999999773e+02
4.503999999999999773e+02
4.503999999999999773e+02
4.503999999999999773e+02
4.503999999999999773e+02
4.503999999999999773e+02
4.503999999999999773e+02
4.503999999999999773e+02
4.503999999999999773e+02
4.503999999999999773e+02
4.503999999999999773e+02
4.503999999999999773e+02
4.503999999999999773e+02
4.503999999999999773e+02
4.503999999999999773e+02
4.503999999999999773e+02
4.503999999999999773e+02
4.503999999999999773e+02
4.503999999999999773e+02
4.503999999999999773e+02
4.503999999999999773e+02
4.503999999999999773e+02
4.503999999999999773e+02
4.503999999999999773e+02
4.503999999999999773e+02
4.503999999999999773e+02
4.503999999999999773e+02
4.503999999999999773e+02
4.503999999999999773e+02
4.503999999999999773e+02
4.503999999999999773e+02
4.503999999999999773e+02
4.503999999999999773e+02
4.503999999999999773e+02
4.503999999999999773e+02
4.503999999999999773e+02
4.503999999999999773e+02
4.503999999999999773e+02
4.503999999999999773e+02
4.503999999999999773e+02
4.503999999999999773e+02
4.503999999999999773e+02
4.503999999999999773e+02
4.503999999999999773e+02
4.503999999999999773e+02
4.503999999999999773e+02
4.503999999999999773e+02
4.503999999999999773e+02
4.503999999999999773e+02
4.503999999999999773e+02
4.503999999999999773e+02
4.503999999999999773e+02
4.503999999999999773e+02
4.503999999999999773e+02
4.503999999999999773e+02
4.503999999999999773e+02
4.503999999999999773e+02
4.503999999999999773e+02
4.503999999999999773e+02
4.503999999999999773e+02
4.503999999999999773e+02
4.503999999999999773e+02
4.503999999999999773e+02
4.503999999999999773e+02
4.503999999999999773e+02
4.503999999999999773e+02
4.503999999999999773e+02
4.503999999999999773e+02
4.503999999999999773e+02
4.503999999999999773e+02
4.503999999999999773e+02
4.503999999999999773e+02
4.503999999999999773e+02
4.503999999999999773e+02
4.503999999999999773e+02
4.503999999999999773e+02
4.503999999999999773e+02
4.503999999999999773e+02
4.503999999999999773e+02
4.503999999999999773e+02
4.503999999999999773e+02
4.503999999999999773e+02
4.503999999999999773e+02
4.503999999999999773e+02
4.503999999999999773e+02
4.503999999999999773e+02
4.503999999999999773e+02
4.503999999999999773e+02
4.503999999999999773e+02
4.503999999999999773e+02
4.503999999999999773e+02
4.503999999999999773e+02
4.503999999999999773e+02
4.503999999999999773e+02
4.503999999999999773e+02
4.503999999999999773e+02
4.503999999999999773e+02
4.503999999999999773e+02
4.503999999999999773e+02
4.503999999999999773e+02
4.503999999999999773e+02
4.503999999999999773e+02
4.503999999999999773e+02
4.503999999999999773e+02
4.503999999999999773e+02
4.503999999999999773e+02
4.503999999999999773e+02
4.503999999999999773e+02
4.503999999999999773e+02
4.503999999999999773e+02
4.503999999999999773e+02
4.503999999999999773e+02
4.503999999999999773e+02
4.503999999999999773e+02
4.503999999999999773e+02
4.503999999999999773e+02
4.503999999999999773e+02
4.503999999999999773e+02
4.503999999999999773e+02
4.503999999999999773e+02
4.503999999999999773e+02
4.503999999999999773e+02
4.503999999999999773e+02
4.503999999999999773e+02
4.503999999999999773e+02
4.503999999999999773e+02
4.503999999999999773e+02
4.503999999999999773e+02
4.503999999999999773e+02
4.503999999999999773e+02
4.503999999999999773e+02
4.503999999999999773e+02
4.503999999999999773e+02
4.503999999999999773e+02
4.503999999999999773e+02
4.503999999999999773e+02
4.503999999999999773e+02
4.503999999999999773e+02
4.503999999999999773e+02
4.503999999999999773e+02
4.503999999999999773e+02
4.503999999999999773e+02
4.503999999999999773e+02
4.503999999999999773e+02
4.503999999999999773e+02
4.503999999999999773e+02
4.503999999999999773e+02
4.503999999999999773e+02
4.503999999999999773e+02
4.503999999999999773e+02
4.503999999999999773e+02
4.503999999999999773e+02
4.503999999999999773e+02
4.503999999999999773e+02
4.503999999999999773e+02
4.503999999999999773e+02
4.503999999999999773e+02
4.503999999999999773e+02
4.503999999999999773e+02
4.503999999999999773e+02
4.503999999999999773e+02
4.518999999999999773e+02
4.523000000000000114e+02
4.547500000000000000e+02
4.553000000000000114e+02
4.553500000000000227e+02
4.553500000000000227e+02
4.553500000000000227e+02
4.553500000000000227e+02
4.553500000000000227e+02
4.553500000000000227e+02
4.553500000000000227e+02
4.553500000000000227e+02
4.553500000000000227e+02
4.553500000000000227e+02
4.553500000000000227e+02
4.553500000000000227e+02
4.553500000000000227e+02
4.553500000000000227e+02
4.553500000000000227e+02
4.553500000000000227e+02
4.553500000000000227e+02
4.553500000000000227e+02
4.553500000000000227e+02
4.553500000000000227e+02
4.553500000000000227e+02
4.553500000000000227e+02
4.553500000000000227e+02
4.553500000000000227e+02
4.553500000000000227e+02
4.553500000000000227e+02
4.553500000000000227e+02
4.553500000000000227e+02
4.553500000000000227e+02
4.553500000000000227e+02
4.553500000000000227e+02
4.585000000000000000e+02
4.588500000000000227e+02
4.590500000000000114e+02
4.605000000000000000e+02
4.605000000000000000e+02
4.615500000000000114e+02
4.623000000000000114e+02
4.623000000000000114e+02
4.623000000000000114e+02
4.623000000000000114e+02
4.623000000000000114e+02
4.623000000000000114e+02
4.623000000000000114e+02
4.623000000000000114e+02
4.623000000000000114e+02
4.623000000000000114e+02
4.623000000000000114e+02
4.623000000000000114e+02
4.623000000000000114e+02
4.623000000000000114e+02
4.623000000000000114e+02
4.623000000000000114e+02
4.623000000000000114e+02
4.623000000000000114e+02
4.623000000000000114e+02
4.623000000000000114e+02
4.623000000000000114e+02
4.623000000000000114e+02
4.623000000000000114e+02
4.623000000000000114e+02
4.623000000000000114e+02
4.623000000000000114e+02
4.623000000000000114e+02
4.623000000000000114e+02
4.623000000000000114e+02
4.623000000000000114e+02
4.623000000000000114e+02
4.623000000000000114e+02
4.623000000000000114e+02
4.623000000000000114e+02
4.623000000000000114e+02
4.623000000000000114e+02
4.623000000000000114e+02
4.623000000000000114e+02
4.623000000000000114e+02
4.623000000000000114e+02
4.623000000000000114e+02
4.623000000000000114e+02
4.623000000000000114e+02
4.623000000000000114e+02
4.623000000000000114e+02
4.623000000000000114e+02
4.623000000000000114e+02
4.623000000000000114e+02
4.623000000000000114e+02
4.623000000000000114e+02
4.623000000000000114e+02
4.623000000000000114e+02
4.623000000000000114e+02
4.623000000000000114e+02
4.623000000000000114e+02
4.623000000000000114e+02
4.623000000000000114e+02
4.623000000000000114e+02
4.623000000000000114e+02
4.623000000000000114e+02
4.623000000000000114e+02
4.623000000000000114e+02
4.623000000000000114e+02
4.623000000000000114e+02
4.623000000000000114e+02
4.623000000000000114e+02
4.623000000000000114e+02
4.623000000000000114e+02
4.623000000000000114e+02
4.623000000000000114e+02
4.623000000000000114e+02
4.623000000000000114e+02
4.623000000000000114e+02
4.623000000000000114e+02
4.623000000000000114e+02
4.623000000000000114e+02
4.623000000000000114e+02
4.623000000000000114e+02
4.623000000000000114e+02
4.623000000000000114e+02
4.623000000000000114e+02
4.623000000000000114e+02
4.623000000000000114e+02
4.623000000000000114e+02
4.623000000000000114e+02
4.623000000000000114e+02
4.623000000000000114e+02
4.623000000000000114e+02
4.623000000000000114e+02
4.623000000000000114e+02
4.623000000000000114e+02
4.623000000000000114e+02
4.623000000000000114e+02
4.623000000000000114e+02
4.623000000000000114e+02
4.623000000000000114e+02
4.623000000000000114e+02
4.623000000000000114e+02
4.623000000000000114e+02
4.623000000000000114e+02
4.623000000000000114e+02
4.623000000000000114e+02
4.623000000000000114e+02
4.623000000000000114e+02
4.623000000000000114e+02
4.623000000000000114e+02
4.623000000000000114e+02
4.623000000000000114e+02
4.623000000000000114e+02
4.623000000000000114e+02
4.623000000000000114e+02
4.623000000000000114e+02
4.623000000000000114e+02
4.623000000000000114e+02
4.623000000000000114e+02
4.623000000000000114e+02
4.623000000000000114e+02
4.623000000000000114e+02
4.623000000000000114e+02
4.623000000000000114e+02
4.623000000000000114e+02
4.623000000000000114e+02
4.623000000000000114e+02
4.623000000000000114e+02
4.623000000000000114e+02
4.623000000000000114e+02
4.623000000000000114e+02
4.623000000000000114e+02
4.623000000000000114e+02
4.623000000000000114e+02
4.623000000000000114e+02
4.623000000000000114e+02
4.623000000000000114e+02
4.623000000000000114e+02
4.623000000000000114e+02
4.623000000000000114e+02
4.623000000000000114e+02
4.623000000000000114e+02
4.623000000000000114e+02
4.623000000000000114e+02
4.623000000000000114e+02
4.623000000000000114e+02
4.623000000000000114e+02
4.623000000000000114e+02
4.623000000000000114e+02
4.623000000000000114e+02
4.623000000000000114e+02
4.623000000000000114e+02
4.623000000000000114e+02
4.623000000000000114e+02
4.623000000000000114e+02
4.623000000000000114e+02
4.623000000000000114e+02
4.623000000000000114e+02
4.623000000000000114e+02
4.623000000000000114e+02
4.623000000000000114e+02
4.623000000000000114e+02
4.623000000000000114e+02
4.623000000000000114e+02
4.623000000000000114e+02
4.623000000000000114e+02
4.623000000000000114e+02
4.623000000000000114e+02
4.623000000000000114e+02
4.623000000000000114e+02
4.623000000000000114e+02
4.623000000000000114e+02
4.623000000000000114e+02
4.623000000000000114e+02
4.623000000000000114e+02
4.623000000000000114e+02
4.623000000000000114e+02
4.623000000000000114e+02
4.623000000000000114e+02
4.623000000000000114e+02
4.623000000000000114e+02
4.623000000000000114e+02
4.623000000000000114e+02
4.623000000000000114e+02
4.623000000000000114e+02
4.623000000000000114e+02
4.623000000000000114e+02
4.623000000000000114e+02
4.623000000000000114e+02
4.623000000000000114e+02
4.623000000000000114e+02
4.623000000000000114e+02
4.623000000000000114e+02
4.623000000000000114e+02
4.623000000000000114e+02
4.623000000000000114e+02
4.623000000000000114e+02
4.623000000000000114e+02
4.623000000000000114e+02
4.623000000000000114e+02
4.623000000000000114e+02
4.623000000000000114e+02
4.623000000000000114e+02
4.623000000000000114e+02
4.623000000000000114e+02
4.623000000000000114e+02
4.623000000000000114e+02
4.623000000000000114e+02
4.623000000000000114e+02
4.623000000000000114e+02
4.623000000000000114e+02
4.623000000000000114e+02
4.623000000000000114e+02
4.623000000000000114e+02
4.623000000000000114e+02
4.623000000000000114e+02
4.623000000000000114e+02
4.623000000000000114e+02
4.623000000000000114e+02
4.623000000000000114e+02
4.623000000000000114e+02
4.623000000000000114e+02
4.623000000000000114e+02
4.623000000000000114e+02
4.623000000000000114e+02
4.623000000000000114e+02
4.623000000000000114e+02
4.623000000000000114e+02
4.623000000000000114e+02
4.623000000000000114e+02
4.623000000000000114e+02
4.623000000000000114e+02
4.623000000000000114e+02
4.623000000000000114e+02
4.623000000000000114e+02
4.623000000000000114e+02
4.623000000000000114e+02
4.623000000000000114e+02
4.623000000000000114e+02
4.623000000000000114e+02
4.623000000000000114e+02
4.623000000000000114e+02
4.623000000000000114e+02
4.623000000000000114e+02
4.623000000000000114e+02
4.623000000000000114e+02
4.623000000000000114e+02
4.623000000000000114e+02
4.623000000000000114e+02
4.623000000000000114e+02
4.623000000000000114e+02
4.623000000000000114e+02
4.623000000000000114e+02
4.623000000000000114e+02
4.623000000000000114e+02
4.623000000000000114e+02
4.623000000000000114e+02
4.623000000000000114e+02
4.623000000000000114e+02
4.623000000000000114e+02
4.623000000000000114e+02
4.623000000000000114e+02
4.623000000000000114e+02
4.623000000000000114e+02
4.623000000000000114e+02
4.623000000000000114e+02
4.623000000000000114e+02
4.623000000000000114e+02
4.623000000000000114e+02
4.623000000000000114e+02
4.623000000000000114e+02
4.623000000000000114e+02
4.623000000000000114e+02
4.623000000000000114e+02
4.623000000000000114e+02
4.623000000000000114e+02
4.623000000000000114e+02
4.623000000000000114e+02
4.623000000000000114e+02
4.623000000000000114e+02
4.623000000000000114e+02
4.623000000000000114e+02
4.635000000000000000e+02
4.641000000000000227e+02
4.643999999999999773e+02
4.652500000000000000e+02
4.656999999999999886e+02
4.668999999999999773e+02
4.671000000000000227e+02
4.676499999999999773e+02
4.676499999999999773e+02
4.676499999999999773e+02
4.676499999999999773e+02
4.676499999999999773e+02
4.676499999999999773e+02
4.676499999999999773e+02
4.676499999999999773e+02
4.676499999999999773e+02
4.676499999999999773e+02
4.680500000000000114e+02
4.683000000000000114e+02
4.683000000000000114e+02
4.683000000000000114e+02
4.683000000000000114e+02
4.683000000000000114e+02
4.683000000000000114e+02
4.683000000000000114e+02
4.683000000000000114e+02
4.683000000000000114e+02
4.683000000000000114e+02
4.683000000000000114e+02
4.683000000000000114e+02
4.683000000000000114e+02
4.683000000000000114e+02
4.683000000000000114e+02
4.683000000000000114e+02
4.683000000000000114e+02
4.683000000000000114e+02
4.683000000000000114e+02
4.683000000000000114e+02
4.683000000000000114e+02
4.683000000000000114e+02
4.683000000000000114e+02
4.683000000000000114e+02
4.683000000000000114e+02
4.683000000000000114e+02
4.683000000000000114e+02
4.683000000000000114e+02
4.683000000000000114e+02
4.683000000000000114e+02
4.683000000000000114e+02
4.683000000000000114e+02
4.683000000000000114e+02
4.683000000000000114e+02
4.683000000000000114e+02
4.683000000000000114e+02
4.683000000000000114e+02
4.683000000000000114e+02
4.683000000000000114e+02
4.683000000000000114e+02
4.683000000000000114e+02
4.683000000000000114e+02
4.683000000000000114e+02
4.683000000000000114e+02
4.683000000000000114e+02
4.683000000000000114e+02
4.683000000000000114e+02
4.683000000000000114e+02
4.683000000000000114e+02
4.683000000000000114e+02
4.683000000000000114e+02
4.683000000000000114e+02
4.683000000000000114e+02
4.683000000000000114e+02
4.683000000000000114e+02
4.683000000000000114e+02
4.683000000000000114e+02
4.683000000000000114e+02
4.683000000000000114e+02
4.683000000000000114e+02
4.683000000000000114e+02
4.683000000000000114e+02
4.683000000000000114e+02
4.683000000000000114e+02
4.683000000000000114e+02
4.683000000000000114e+02
4.683000000000000114e+02
4.683000000000000114e+02
4.683000000000000114e+02
4.683000000000000114e+02
4.683000000000000114e+02
4.683000000000000114e+02
4.683000000000000114e+02
4.683000000000000114e+02
4.683000000000000114e+02
4.683000000000000114e+02
4.683000000000000114e+02
4.683000000000000114e+02
4.683000000000000114e+02
4.683000000000000114e+02
4.683000000000000114e+02
4.683000000000000114e+02
4.683000000000000114e+02
4.683000000000000114e+02
4.683000000000000114e+02
4.683000000000000114e+02
4.683000000000000114e+02
4.683000000000000114e+02
4.683000000000000114e+02
4.683000000000000114e+02
4.683000000000000114e+02
4.683000000000000114e+02
4.683000000000000114e+02
4.683000000000000114e+02
4.683000000000000114e+02
4.683000000000000114e+02
4.683000000000000114e+02
4.683000000000000114e+02
4.683000000000000114e+02
4.683000000000000114e+02
4.683000000000000114e+02
4.683000000000000114e+02
4.683000000000000114e+02
4.683000000000000114e+02
4.683000000000000114e+02
4.683000000000000114e+02
4.683000000000000114e+02
4.683000000000000114e+02
4.683000000000000114e+02
4.683000000000000114e+02
4.683000000000000114e+02
4.683000000000000114e+02
4.683000000000000114e+02
4.683000000000000114e+02
4.683000000000000114e+02
4.683000000000000114e+02
4.683000000000000114e+02
4.683000000000000114e+02
4.683000000000000114e+02
4.683000000000000114e+02
4.683000000000000114e+02
4.683000000000000114e+02
4.683000000000000114e+02
4.683000000000000114e+02
4.683000000000000114e+02
4.683000000000000114e+02
4.683000000000000114e+02
4.683000000000000114e+02
4.683000000000000114e+02
4.683000000000000114e+02
4.683000000000000114e+02
4.683000000000000114e+02
4.683000000000000114e+02
4.683000000000000114e+02
4.683000000000000114e+02
4.683000000000000114e+02
4.683000000000000114e+02
4.683000000000000114e+02
4.683000000000000114e+02
4.683000000000000114e+02
4.683000000000000114e+02
4.683000000000000114e+02
4.683000000000000114e+02
4.683000000000000114e+02
4.683000000000000114e+02
4.683000000000000114e+02
4.683000000000000114e+02
4.683000000000000114e+02
4.683000000000000114e+02
4.683000000000000114e+02
4.683000000000000114e+02
4.683000000000000114e+02
4.683000000000000114e+02
4.683000000000000114e+02
4.683000000000000114e+02
4.683000000000000114e+02
4.683000000000000114e+02
4.683000000000000114e+02
4.683000000000000114e+02
4.683000000000000114e+02
4.683000000000000114e+02
4.683000000000000114e+02
4.683000000000000114e+02
4.683000000000000114e+02
4.683000000000000114e+02
4.683000000000000114e+02
4.683000000000000114e+02
4.683000000000000114e+02
4.683000000000000114e+02
4.683000000000000114e+02
4.683000000000000114e+02
4.683000000000000114e+02
4.683000000000000114e+02
4.683000000000000114e+02
4.683000000000000114e+02
4.683000000000000114e+02
4.683000000000000114e+02
4.683000000000000114e+02
4.683000000000000114e+02
4.683000000000000114e+02
4.683000000000000114e+02
4.683000000000000114e+02
4.683000000000000114e+02
4.683000000000000114e+02
4.683000000000000114e+02
4.683000000000000114e+02
4.683000000000000114e+02
4.683000000000000114e+02
4.683000000000000114e+02
4.683000000000000114e+02
4.683000000000000114e+02
4.683000000000000114e+02
4.683000000000000114e+02
4.683000000000000114e+02
4.683000000000000114e+02
4.683000000000000114e+02
4.683000000000000114e+02
4.683000000000000114e+02
4.683000000000000114e+02
4.683000000000000114e+02
4.683000000000000114e+02
4.683000000000000114e+02
4.683000000000000114e+02
4.683000000000000114e+02
4.683000000000000114e+02
4.683000000000000114e+02
4.683000000000000114e+02
4.683000000000000114e+02
4.683000000000000114e+02
4.683000000000000114e+02
4.683000000000000114e+02
4.683000000000000114e+02
4.683000000000000114e+02
4.683000000000000114e+02
4.683000000000000114e+02
4.683000000000000114e+02
4.683000000000000114e+02
4.683000000000000114e+02
4.683000000000000114e+02
4.683000000000000114e+02
4.683000000000000114e+02
4.683000000000000114e+02
4.683000000000000114e+02
4.683000000000000114e+02
4.683000000000000114e+02
4.683000000000000114e+02
4.683000000000000114e+02
4.683000000000000114e+02
4.683000000000000114e+02
4.683000000000000114e+02
4.683000000000000114e+02
