2.666666666666666785e+01
2.662790697674418539e+01
2.636363636363636331e+01
2.651685393258426870e+01
2.670329670329670435e+01
2.661290322580645196e+01
2.686170212765957288e+01
2.692708333333333215e+01
2.719387755102040671e+01
2.722222222222222143e+01
2.764999999999999858e+01
2.800000000000000000e+01
2.814999999999999858e+01
2.844999999999999929e+01
2.844999999999999929e+01
2.850000000000000000e+01
2.855000000000000071e+01
2.885000000000000142e+01
2.894999999999999929e+01
2.914999999999999858e+01
2.939999999999999858e+01
2.935000000000000142e+01
2.914999999999999858e+01
2.919999999999999929e+01
2.914999999999999858e+01
2.905000000000000071e+01
2.919999999999999929e+01
2.919999999999999929e+01
2.950000000000000000e+01
3.010000000000000142e+01
3.019999999999999929e+01
2.994999999999999929e+01
2.985000000000000142e+01
3.000000000000000000e+01
3.014999999999999858e+01
3.035000000000000142e+01
3.044999999999999929e+01
3.064999999999999858e+01
3.085000000000000142e+01
3.094999999999999929e+01
3.075000000000000000e+01
3.089999999999999858e+01
3.100000000000000000e+01
3.080000000000000071e+01
3.064999999999999858e+01
3.080000000000000071e+01
3.080000000000000071e+01
3.164999999999999858e+01
3.164999999999999858e+01
3.194999999999999929e+01
3.220000000000000284e+01
3.245000000000000284e+01
3.295000000000000284e+01
3.320000000000000284e+01
3.335000000000000142e+01
3.360000000000000142e+01
3.364999999999999858e+01
3.364999999999999858e+01
3.375000000000000000e+01
3.404999999999999716e+01
3.445000000000000284e+01
3.489999999999999858e+01
3.575000000000000000e+01
3.570000000000000284e+01
3.595000000000000284e+01
3.679999999999999716e+01
3.660000000000000142e+01
3.695000000000000284e+01
3.729999999999999716e+01
3.714999999999999858e+01
3.729999999999999716e+01
3.750000000000000000e+01
3.845000000000000284e+01
3.860000000000000142e+01
3.900000000000000000e+01
3.939999999999999858e+01
4.010000000000000142e+01
4.029999999999999716e+01
4.004999999999999716e+01
4.045000000000000284e+01
4.045000000000000284e+01
4.135000000000000142e+01
4.214999999999999858e+01
4.245000000000000284e+01
4.314999999999999858e+01
4.320000000000000284e+01
4.320000000000000284e+01
4.379999999999999716e+01
4.385000000000000142e+01
4.425000000000000000e+01
4.475000000000000000e+01
4.500000000000000000e+01
4.550000000000000000e+01
4.589999999999999858e+01
4.595000000000000284e+01
4.595000000000000284e+01
4.660000000000000142e+01
4.710000000000000142e+01
4.745000000000000284e+01
4.795000000000000284e+01
4.820000000000000284e+01
4.875000000000000000e+01
4.845000000000000284e+01
4.904999999999999716e+01
4.925000000000000000e+01
4.939999999999999858e+01
5.014999999999999858e+01
5.029999999999999716e+01
5.039999999999999858e+01
5.139999999999999858e+01
5.189999999999999858e+01
5.214999999999999858e+01
5.225000000000000000e+01
5.245000000000000284e+01
5.339999999999999858e+01
5.389999999999999858e+01
5.460000000000000142e+01
5.510000000000000142e+01
5.595000000000000284e+01
5.589999999999999858e+01
5.600000000000000000e+01
5.689999999999999858e+01
5.735000000000000142e+01
5.770000000000000284e+01
5.795000000000000284e+01
5.795000000000000284e+01
5.814999999999999858e+01
5.835000000000000142e+01
5.860000000000000142e+01
5.935000000000000142e+01
5.985000000000000142e+01
5.985000000000000142e+01
5.920000000000000284e+01
5.989999999999999858e+01
5.995000000000000284e+01
6.054999999999999716e+01
6.114999999999999858e+01
6.135000000000000142e+01
6.189999999999999858e+01
6.245000000000000284e+01
6.285000000000000142e+01
6.335000000000000142e+01
6.350000000000000000e+01
6.379999999999999716e+01
6.450000000000000000e+01
6.495000000000000284e+01
6.540000000000000568e+01
6.540000000000000568e+01
6.590000000000000568e+01
6.565000000000000568e+01
6.529999999999999716e+01
6.590000000000000568e+01
6.590000000000000568e+01
6.604999999999999716e+01
6.654999999999999716e+01
6.659999999999999432e+01
6.729999999999999716e+01
6.770000000000000284e+01
6.804999999999999716e+01
6.904999999999999716e+01
6.934999999999999432e+01
6.925000000000000000e+01
6.984999999999999432e+01
7.034999999999999432e+01
7.045000000000000284e+01
7.075000000000000000e+01
7.054999999999999716e+01
7.045000000000000284e+01
7.079999999999999716e+01
7.104999999999999716e+01
7.090000000000000568e+01
7.079999999999999716e+01
7.115000000000000568e+01
7.140000000000000568e+01
7.140000000000000568e+01
7.150000000000000000e+01
7.100000000000000000e+01
7.125000000000000000e+01
7.125000000000000000e+01
7.175000000000000000e+01
7.190000000000000568e+01
7.115000000000000568e+01
7.100000000000000000e+01
7.120000000000000284e+01
7.165000000000000568e+01
7.134999999999999432e+01
7.159999999999999432e+01
7.100000000000000000e+01
7.100000000000000000e+01
7.025000000000000000e+01
7.015000000000000568e+01
7.025000000000000000e+01
7.025000000000000000e+01
6.970000000000000284e+01
6.959999999999999432e+01
6.929999999999999716e+01
6.890000000000000568e+01
6.790000000000000568e+01
6.845000000000000284e+01
6.854999999999999716e+01
6.790000000000000568e+01
6.759999999999999432e+01
6.725000000000000000e+01
6.684999999999999432e+01
6.579999999999999716e+01
6.554999999999999716e+01
6.509999999999999432e+01
6.459999999999999432e+01
6.434999999999999432e+01
6.429999999999999716e+01
6.484999999999999432e+01
6.434999999999999432e+01
6.454999999999999716e+01
6.409999999999999432e+01
6.385000000000000142e+01
6.425000000000000000e+01
6.345000000000000284e+01
6.345000000000000284e+01
6.329999999999999716e+01
6.210000000000000142e+01
6.204999999999999716e+01
6.164999999999999858e+01
6.110000000000000142e+01
6.079999999999999716e+01
5.985000000000000142e+01
5.945000000000000284e+01
5.960000000000000142e+01
5.975000000000000000e+01
5.954999999999999716e+01
5.875000000000000000e+01
5.860000000000000142e+01
5.885000000000000142e+01
5.910000000000000142e+01
5.825000000000000000e+01
5.775000000000000000e+01
5.820000000000000284e+01
5.860000000000000142e+01
5.839999999999999858e+01
5.829999999999999716e+01
5.810000000000000142e+01
5.775000000000000000e+01
5.795000000000000284e+01
5.729999999999999716e+01
5.704999999999999716e+01
5.664999999999999858e+01
5.660000000000000142e+01
5.639999999999999858e+01
5.664999999999999858e+01
5.679999999999999716e+01
5.695000000000000284e+01
5.700000000000000000e+01
5.660000000000000142e+01
5.695000000000000284e+01
5.689999999999999858e+01
5.685000000000000142e+01
5.650000000000000000e+01
5.675000000000000000e+01
5.685000000000000142e+01
5.625000000000000000e+01
5.604999999999999716e+01
5.625000000000000000e+01
5.550000000000000000e+01
5.589999999999999858e+01
5.614999999999999858e+01
5.629999999999999716e+01
5.629999999999999716e+01
5.664999999999999858e+01
5.725000000000000000e+01
5.810000000000000142e+01
5.795000000000000284e+01
5.829999999999999716e+01
5.845000000000000284e+01
5.845000000000000284e+01
5.889999999999999858e+01
5.889999999999999858e+01
5.939999999999999858e+01
5.939999999999999858e+01
5.900000000000000000e+01
5.985000000000000142e+01
5.995000000000000284e+01
6.010000000000000142e+01
6.085000000000000142e+01
6.089999999999999858e+01
6.135000000000000142e+01
6.195000000000000284e+01
6.289999999999999858e+01
6.295000000000000284e+01
6.264999999999999858e+01
6.264999999999999858e+01
6.345000000000000284e+01
6.320000000000000284e+01
6.360000000000000142e+01
6.354999999999999716e+01
6.345000000000000284e+01
6.415000000000000568e+01
6.409999999999999432e+01
6.379999999999999716e+01
6.404999999999999716e+01
6.425000000000000000e+01
6.450000000000000000e+01
6.509999999999999432e+01
6.500000000000000000e+01
6.604999999999999716e+01
6.600000000000000000e+01
6.620000000000000284e+01
6.654999999999999716e+01
6.604999999999999716e+01
6.595000000000000284e+01
6.550000000000000000e+01
6.595000000000000284e+01
6.590000000000000568e+01
6.640000000000000568e+01
6.625000000000000000e+01
6.609999999999999432e+01
6.595000000000000284e+01
6.645000000000000284e+01
6.765000000000000568e+01
6.809999999999999432e+01
6.770000000000000284e+01
6.879999999999999716e+01
6.940000000000000568e+01
6.984999999999999432e+01
6.975000000000000000e+01
6.990000000000000568e+01
6.954999999999999716e+01
6.990000000000000568e+01
6.945000000000000284e+01
6.954999999999999716e+01
6.929999999999999716e+01
6.965000000000000568e+01
6.979999999999999716e+01
6.890000000000000568e+01
6.904999999999999716e+01
6.909999999999999432e+01
6.940000000000000568e+01
6.925000000000000000e+01
6.925000000000000000e+01
6.925000000000000000e+01
6.834999999999999432e+01
6.829999999999999716e+01
6.834999999999999432e+01
6.825000000000000000e+01
6.779999999999999716e+01
6.865000000000000568e+01
6.850000000000000000e+01
6.865000000000000568e+01
6.895000000000000284e+01
6.979999999999999716e+01
7.040000000000000568e+01
6.975000000000000000e+01
7.070000000000000284e+01
6.970000000000000284e+01
7.079999999999999716e+01
7.175000000000000000e+01
7.120000000000000284e+01
6.979999999999999716e+01
6.909999999999999432e+01
6.834999999999999432e+01
6.815000000000000568e+01
6.740000000000000568e+01
6.759999999999999432e+01
6.745000000000000284e+01
6.759999999999999432e+01
6.859999999999999432e+01
6.779999999999999716e+01
6.854999999999999716e+01
6.990000000000000568e+01
7.125000000000000000e+01
7.159999999999999432e+01
7.170000000000000284e+01
7.140000000000000568e+01
7.154999999999999716e+01
7.170000000000000284e+01
7.209999999999999432e+01
7.270000000000000284e+01
7.200000000000000000e+01
7.184999999999999432e+01
7.225000000000000000e+01
7.295000000000000284e+01
7.329999999999999716e+01
7.354999999999999716e+01
7.345000000000000284e+01
7.434999999999999432e+01
7.604999999999999716e+01
7.715000000000000568e+01
7.750000000000000000e+01
7.925000000000000000e+01
7.854999999999999716e+01
7.770000000000000284e+01
7.750000000000000000e+01
7.795000000000000284e+01
7.879999999999999716e+01
7.909999999999999432e+01
7.959999999999999432e+01
7.854999999999999716e+01
7.740000000000000568e+01
7.765000000000000568e+01
7.720000000000000284e+01
7.734999999999999432e+01
7.875000000000000000e+01
7.959999999999999432e+01
8.104999999999999716e+01
8.254999999999999716e+01
8.279999999999999716e+01
8.279999999999999716e+01
8.400000000000000000e+01
8.315000000000000568e+01
8.370000000000000284e+01
8.290000000000000568e+01
8.225000000000000000e+01
8.104999999999999716e+01
8.245000000000000284e+01
8.209999999999999432e+01
8.245000000000000284e+01
8.240000000000000568e+01
8.309999999999999432e+01
8.375000000000000000e+01
8.470000000000000284e+01
8.479999999999999716e+01
8.584999999999999432e+01
8.484999999999999432e+01
8.475000000000000000e+01
8.445000000000000284e+01
8.445000000000000284e+01
8.654999999999999716e+01
8.615000000000000568e+01
8.484999999999999432e+01
8.440000000000000568e+01
8.629999999999999716e+01
8.609999999999999432e+01
8.500000000000000000e+01
8.540000000000000568e+01
8.550000000000000000e+01
8.600000000000000000e+01
8.704999999999999716e+01
8.654999999999999716e+01
8.725000000000000000e+01
8.770000000000000284e+01
8.804999999999999716e+01
8.745000000000000284e+01
8.804999999999999716e+01
8.929999999999999716e+01
8.834999999999999432e+01
8.809999999999999432e+01
8.795000000000000284e+01
8.795000000000000284e+01
8.750000000000000000e+01
8.659999999999999432e+01
8.795000000000000284e+01
8.920000000000000284e+01
8.975000000000000000e+01
9.065000000000000568e+01
9.104999999999999716e+01
9.100000000000000000e+01
9.279999999999999716e+01
9.379999999999999716e+01
9.554999999999999716e+01
9.754999999999999716e+01
9.829999999999999716e+01
9.675000000000000000e+01
9.575000000000000000e+01
9.454999999999999716e+01
9.529999999999999716e+01
9.500000000000000000e+01
9.459999999999999432e+01
9.420000000000000284e+01
9.645000000000000284e+01
9.665000000000000568e+01
9.815000000000000568e+01
1.002500000000000000e+02
1.017500000000000000e+02
1.014500000000000028e+02
1.005499999999999972e+02
9.995000000000000284e+01
9.990000000000000568e+01
9.990000000000000568e+01
1.002000000000000028e+02
1.022999999999999972e+02
1.037500000000000000e+02
1.045999999999999943e+02
1.070499999999999972e+02
1.074000000000000057e+02
1.074500000000000028e+02
1.076500000000000057e+02
1.086500000000000057e+02
1.102000000000000028e+02
1.107000000000000028e+02
1.116500000000000057e+02
1.124500000000000028e+02
1.137500000000000000e+02
1.157999999999999972e+02
1.155499999999999972e+02
1.161500000000000057e+02
1.160499999999999972e+02
1.155499999999999972e+02
1.179000000000000057e+02
1.163499999999999943e+02
1.164500000000000028e+02
1.155000000000000000e+02
1.172999999999999972e+02
1.172999999999999972e+02
1.172999999999999972e+02
1.189500000000000028e+02
1.196500000000000057e+02
1.207999999999999972e+02
1.210499999999999972e+02
1.217000000000000028e+02
1.234500000000000028e+02
1.242000000000000028e+02
1.240499999999999972e+02
1.251500000000000057e+02
1.279500000000000028e+02
1.285000000000000000e+02
1.318000000000000114e+02
1.327500000000000000e+02
1.333499999999999943e+02
1.334499999999999886e+02
1.344499999999999886e+02
1.362500000000000000e+02
1.385500000000000114e+02
1.423499999999999943e+02
1.437500000000000000e+02
1.441500000000000057e+02
1.455000000000000000e+02
1.462500000000000000e+02
1.478000000000000114e+02
1.476500000000000057e+02
1.470000000000000000e+02
1.476999999999999886e+02
1.493499999999999943e+02
1.496999999999999886e+02
1.522500000000000000e+02
1.540999999999999943e+02
1.556999999999999886e+02
1.589000000000000057e+02
1.603000000000000114e+02
1.607500000000000000e+02
1.620500000000000114e+02
1.623000000000000114e+02
1.625500000000000114e+02
1.626999999999999886e+02
1.660000000000000000e+02
1.661999999999999886e+02
1.701999999999999886e+02
1.710000000000000000e+02
1.714499999999999886e+02
1.756999999999999886e+02
1.773000000000000114e+02
1.772500000000000000e+02
1.761500000000000057e+02
1.780000000000000000e+02
1.783000000000000114e+02
1.805999999999999943e+02
1.820500000000000114e+02
1.864000000000000057e+02
1.864499999999999886e+02
1.866500000000000057e+02
1.888499999999999943e+02
1.916999999999999886e+02
1.933499999999999943e+02
1.958000000000000114e+02
1.986500000000000057e+02
2.004499999999999886e+02
2.007500000000000000e+02
2.005999999999999943e+02
2.027500000000000000e+02
2.059000000000000057e+02
2.085999999999999943e+02
2.087500000000000000e+02
2.110500000000000114e+02
2.127500000000000000e+02
2.114000000000000057e+02
2.093499999999999943e+02
2.109499999999999886e+02
2.111500000000000057e+02
2.123000000000000114e+02
2.133499999999999943e+02
2.145999999999999943e+02
2.151500000000000057e+02
2.153499999999999943e+02
2.144000000000000057e+02
2.156500000000000057e+02
2.165500000000000114e+02
2.194499999999999886e+02
2.200000000000000000e+02
2.210999999999999943e+02
2.223000000000000114e+02
2.258000000000000114e+02
2.272500000000000000e+02
2.261999999999999886e+02
2.260000000000000000e+02
2.268499999999999943e+02
2.296500000000000057e+02
2.317500000000000000e+02
2.318000000000000114e+02
2.320500000000000114e+02
2.350500000000000114e+02
2.353000000000000114e+02
2.366500000000000057e+02
2.376999999999999886e+02
2.397500000000000000e+02
2.414000000000000057e+02
2.429499999999999886e+02
2.440500000000000114e+02
2.440999999999999943e+02
2.465500000000000114e+02
2.473000000000000114e+02
2.475000000000000000e+02
2.500999999999999943e+02
2.528499999999999943e+02
2.535000000000000000e+02
2.560000000000000000e+02
2.578999999999999773e+02
2.588500000000000227e+02
2.583999999999999773e+02
2.613000000000000114e+02
2.630500000000000114e+02
2.629499999999999886e+02
2.640000000000000000e+02
2.638999999999999773e+02
2.647500000000000000e+02
2.643500000000000227e+02
2.646499999999999773e+02
2.663999999999999773e+02
2.693999999999999773e+02
2.707500000000000000e+02
2.720000000000000000e+02
2.748999999999999773e+02
2.766000000000000227e+02
2.780500000000000114e+02
2.778500000000000227e+02
2.806000000000000227e+02
2.828999999999999773e+02
2.819499999999999886e+02
2.842500000000000000e+02
2.875500000000000114e+02
2.898500000000000227e+02
2.903000000000000114e+02
2.914499999999999886e+02
2.940000000000000000e+02
2.945500000000000114e+02
2.964499999999999886e+02
2.988000000000000114e+02
2.982500000000000000e+02
3.008000000000000114e+02
3.046499999999999773e+02
3.058500000000000227e+02
3.065500000000000114e+02
3.066999999999999886e+02
3.093500000000000227e+02
3.108500000000000227e+02
3.123500000000000227e+02
3.126499999999999773e+02
3.125500000000000114e+02
3.153000000000000114e+02
3.161499999999999773e+02
3.175000000000000000e+02
3.181000000000000227e+02
3.185000000000000000e+02
3.211999999999999886e+02
3.213500000000000227e+02
3.201499999999999773e+02
3.200500000000000114e+02
3.188500000000000227e+02
3.199499999999999886e+02
3.194499999999999886e+02
3.183500000000000227e+02
3.178999999999999773e+02
3.196499999999999773e+02
3.202500000000000000e+02
3.198500000000000227e+02
3.211000000000000227e+02
3.209499999999999886e+02
3.208999999999999773e+02
3.215500000000000114e+02
3.211000000000000227e+02
3.235000000000000000e+02
3.270000000000000000e+02
3.272500000000000000e+02
3.291499999999999773e+02
3.293000000000000114e+02
3.305000000000000000e+02
3.306999999999999886e+02
3.303500000000000227e+02
3.296499999999999773e+02
3.310500000000000114e+02
3.316999999999999886e+02
3.315500000000000114e+02
3.313000000000000114e+02
3.330500000000000114e+02
3.350500000000000114e+02
3.366999999999999886e+02
3.395500000000000114e+02
3.401499999999999773e+02
3.403000000000000114e+02
3.404499999999999886e+02
3.414499999999999886e+02
3.418000000000000114e+02
3.413999999999999773e+02
3.418000000000000114e+02
3.428000000000000114e+02
3.425500000000000114e+02
3.418000000000000114e+02
3.431999999999999886e+02
3.444499999999999886e+02
3.451499999999999773e+02
3.453000000000000114e+02
3.453500000000000227e+02
3.453000000000000114e+02
3.483999999999999773e+02
3.497500000000000000e+02
3.491499999999999773e+02
3.489499999999999886e+02
3.499499999999999886e+02
3.496999999999999886e+02
3.499499999999999886e+02
3.510500000000000114e+02
3.523500000000000227e+02
3.530500000000000114e+02
3.541999999999999886e+02
3.550000000000000000e+02
3.548999999999999773e+02
3.580000000000000000e+02
3.598500000000000227e+02
3.613999999999999773e+02
3.610000000000000000e+02
3.616999999999999886e+02
3.631999999999999886e+02
3.635500000000000114e+02
3.637500000000000000e+02
3.663000000000000114e+02
3.668999999999999773e+02
3.661000000000000227e+02
3.678999999999999773e+02
3.692500000000000000e+02
3.705500000000000114e+02
3.701499999999999773e+02
3.701000000000000227e+02
3.714499999999999886e+02
3.709499999999999886e+02
3.726499999999999773e+02
3.725000000000000000e+02
3.729499999999999886e+02
3.758999999999999773e+02
3.755500000000000114e+02
3.753999999999999773e+02
3.755500000000000114e+02
3.748999999999999773e+02
3.718500000000000227e+02
3.704499999999999886e+02
3.703500000000000227e+02
3.684499999999999886e+02
3.678500000000000227e+02
3.683500000000000227e+02
3.683500000000000227e+02
3.686999999999999886e+02
3.683000000000000114e+02
3.691499999999999773e+02
3.703500000000000227e+02
3.688500000000000227e+02
3.693500000000000227e+02
3.691000000000000227e+02
3.698999999999999773e+02
3.700500000000000114e+02
3.662500000000000000e+02
3.651499999999999773e+02
3.649499999999999886e+02
3.657500000000000000e+02
3.665000000000000000e+02
3.661000000000000227e+02
3.644499999999999886e+02
3.651000000000000227e+02
3.656999999999999886e+02
3.664499999999999886e+02
3.660500000000000114e+02
3.668000000000000114e+02
3.658500000000000227e+02
3.651000000000000227e+02
3.666000000000000227e+02
3.648999999999999773e+02
3.654499999999999886e+02
3.678000000000000114e+02
3.668500000000000227e+02
3.655000000000000000e+02
3.653999999999999773e+02
3.666000000000000227e+02
3.665500000000000114e+02
3.671999999999999886e+02
3.664499999999999886e+02
3.668999999999999773e+02
3.667500000000000000e+02
3.676000000000000227e+02
3.692500000000000000e+02
3.691499999999999773e+02
3.675500000000000114e+02
3.670500000000000114e+02
3.637500000000000000e+02
3.637500000000000000e+02
3.630500000000000114e+02
3.638999999999999773e+02
3.632500000000000000e+02
3.633999999999999773e+02
3.646000000000000227e+02
3.643999999999999773e+02
3.647500000000000000e+02
3.658500000000000227e+02
3.662500000000000000e+02
3.670500000000000114e+02
3.703500000000000227e+02
3.713500000000000227e+02
3.727500000000000000e+02
3.734499999999999886e+02
3.724499999999999886e+02
3.726499999999999773e+02
3.729499999999999886e+02
3.716000000000000227e+02
3.725500000000000114e+02
3.728999999999999773e+02
3.733500000000000227e+02
3.743000000000000114e+02
3.761499999999999773e+02
3.766499999999999773e+02
3.785000000000000000e+02
3.780000000000000000e+02
3.796000000000000227e+02
3.793000000000000114e+02
3.781499999999999773e+02
3.784499999999999886e+02
3.783500000000000227e+02
3.791999999999999886e+02
3.793500000000000227e+02
3.813500000000000227e+02
3.831999999999999886e+02
3.836000000000000227e+02
3.833500000000000227e+02
3.833500000000000227e+02
3.841499999999999773e+02
3.850000000000000000e+02
3.852500000000000000e+02
3.848500000000000227e+02
3.851999999999999886e+02
3.838000000000000114e+02
3.841000000000000227e+02
3.853999999999999773e+02
3.848999999999999773e+02
3.850000000000000000e+02
3.863500000000000227e+02
3.863999999999999773e+02
3.863500000000000227e+02
3.870500000000000114e+02
3.878500000000000227e+02
3.871000000000000227e+02
3.877500000000000000e+02
3.884499999999999886e+02
3.890500000000000114e+02
3.895500000000000114e+02
3.927500000000000000e+02
3.931999999999999886e+02
3.937500000000000000e+02
3.945500000000000114e+02
3.954499999999999886e+02
3.948000000000000114e+02
3.920500000000000114e+02
3.921499999999999773e+02
3.931999999999999886e+02
3.919499999999999886e+02
3.906999999999999886e+02
3.911499999999999773e+02
3.918000000000000114e+02
3.908500000000000227e+02
3.909499999999999886e+02
3.906999999999999886e+02
3.924499999999999886e+02
3.936999999999999886e+02
3.948000000000000114e+02
3.958500000000000227e+02
3.959499999999999886e+02
3.953999999999999773e+02
3.953500000000000227e+02
3.965500000000000114e+02
3.965500000000000114e+02
3.956000000000000227e+02
3.950500000000000114e+02
3.953500000000000227e+02
3.960000000000000000e+02
3.991999999999999886e+02
4.008000000000000114e+02
4.000000000000000000e+02
3.993999999999999773e+02
3.993000000000000114e+02
3.993999999999999773e+02
3.975000000000000000e+02
3.968999999999999773e+02
3.966499999999999773e+02
3.968999999999999773e+02
3.957500000000000000e+02
3.960500000000000114e+02
3.950000000000000000e+02
3.943000000000000114e+02
3.946999999999999886e+02
3.958999999999999773e+02
3.983500000000000227e+02
3.985500000000000114e+02
3.968000000000000114e+02
3.963500000000000227e+02
3.958500000000000227e+02
3.956499999999999773e+02
3.967500000000000000e+02
3.972500000000000000e+02
3.969499999999999886e+02
3.948000000000000114e+02
3.956499999999999773e+02
3.958000000000000114e+02
3.954499999999999886e+02
3.946000000000000227e+02
3.946499999999999773e+02
3.953999999999999773e+02
3.953000000000000114e+02
3.955000000000000000e+02
3.951000000000000227e+02
3.936000000000000227e+02
3.951999999999999886e+02
3.976499999999999773e+02
3.973999999999999773e+02
3.971999999999999886e+02
3.986000000000000227e+02
3.986999999999999886e+02
3.983000000000000114e+02
3.985000000000000000e+02
3.970000000000000000e+02
3.971499999999999773e+02
3.985500000000000114e+02
3.968999999999999773e+02
3.950500000000000114e+02
3.943500000000000227e+02
3.938500000000000227e+02
3.933000000000000114e+02
3.926499999999999773e+02
3.937500000000000000e+02
3.930000000000000000e+02
3.925500000000000114e+02
3.945500000000000114e+02
3.940500000000000114e+02
3.941999999999999886e+02
3.941000000000000227e+02
3.941999999999999886e+02
3.938000000000000114e+02
3.930500000000000114e+02
3.947500000000000000e+02
3.945500000000000114e+02
3.938999999999999773e+02
3.962500000000000000e+02
3.964499999999999886e+02
3.978000000000000114e+02
3.980000000000000000e+02
3.986999999999999886e+02
4.000500000000000114e+02
4.024499999999999886e+02
4.043999999999999773e+02
4.055000000000000000e+02
4.050000000000000000e+02
4.053500000000000227e+02
4.056499999999999773e+02
4.070500000000000114e+02
4.076499999999999773e+02
4.071999999999999886e+02
4.080500000000000114e+02
4.086000000000000227e+02
4.080000000000000000e+02
4.073000000000000114e+02
4.086999999999999886e+02
4.101000000000000227e+02
4.100500000000000114e+02
4.105000000000000000e+02
4.123999999999999773e+02
4.137500000000000000e+02
4.142500000000000000e+02
4.158500000000000227e+02
4.153999999999999773e+02
4.154499999999999886e+02
4.143500000000000227e+02
4.143000000000000114e+02
4.142500000000000000e+02
4.158000000000000114e+02
4.158500000000000227e+02
4.156499999999999773e+02
4.156499999999999773e+02
4.161499999999999773e+02
4.155500000000000114e+02
4.171499999999999773e+02
4.181000000000000227e+02
4.186000000000000227e+02
4.198999999999999773e+02
4.210000000000000000e+02
4.213500000000000227e+02
4.218000000000000114e+02
4.226000000000000227e+02
4.238500000000000227e+02
4.226000000000000227e+02
4.226499999999999773e+02
4.228000000000000114e+02
4.223500000000000227e+02
4.228999999999999773e+02
4.219499999999999886e+02
4.225500000000000114e+02
4.228500000000000227e+02
4.221499999999999773e+02
4.228999999999999773e+02
4.232500000000000000e+02
4.245500000000000114e+02
4.248500000000000227e+02
4.251000000000000227e+02
4.250500000000000114e+02
4.243000000000000114e+02
4.255500000000000114e+02
4.249499999999999886e+02
4.258500000000000227e+02
4.248000000000000114e+02
4.236499999999999773e+02
4.235000000000000000e+02
4.226499999999999773e+02
4.225500000000000114e+02
4.223000000000000114e+02
4.229499999999999886e+02
4.235500000000000114e+02
4.248000000000000114e+02
4.243999999999999773e+02
4.240000000000000000e+02
4.244499999999999886e+02
4.268999999999999773e+02
4.263000000000000114e+02
4.265500000000000114e+02
4.263999999999999773e+02
4.280500000000000114e+02
4.275000000000000000e+02
4.268999999999999773e+02
4.253999999999999773e+02
4.245500000000000114e+02
4.248500000000000227e+02
4.254499999999999886e+02
4.273500000000000227e+02
4.268500000000000227e+02
4.255000000000000000e+02
4.255000000000000000e+02
4.251499999999999773e+02
4.256000000000000227e+02
4.265000000000000000e+02
4.268500000000000227e+02
4.281000000000000227e+02
4.282500000000000000e+02
4.281499999999999773e+02
4.275500000000000114e+02
4.271999999999999886e+02
4.275500000000000114e+02
4.276499999999999773e+02
4.275000000000000000e+02
4.278000000000000114e+02
4.281000000000000227e+02
4.293999999999999773e+02
4.303500000000000227e+02
4.304499999999999886e+02
4.312500000000000000e+02
4.314499999999999886e+02
4.337500000000000000e+02
4.314499999999999886e+02
4.307500000000000000e+02
4.331499999999999773e+02
4.338000000000000114e+02
4.331000000000000227e+02
4.336499999999999773e+02
4.346999999999999886e+02
4.340000000000000000e+02
4.346000000000000227e+02
4.342500000000000000e+02
4.333999999999999773e+02
4.341000000000000227e+02
4.331499999999999773e+02
4.328500000000000227e+02
4.341000000000000227e+02
4.341999999999999886e+02
4.358500000000000227e+02
4.353999999999999773e+02
4.360000000000000000e+02
4.352500000000000000e+02
4.351000000000000227e+02
4.353500000000000227e+02
4.355000000000000000e+02
4.358000000000000114e+02
4.363000000000000114e+02
4.362500000000000000e+02
4.361999999999999886e+02
4.361000000000000227e+02
4.356499999999999773e+02
4.350000000000000000e+02
4.361000000000000227e+02
4.356499999999999773e+02
4.355000000000000000e+02
4.356999999999999886e+02
4.357500000000000000e+02
4.360000000000000000e+02
4.356499999999999773e+02
4.359499999999999886e+02
4.391999999999999886e+02
4.386499999999999773e+02
4.380500000000000114e+02
4.381999999999999886e+02
4.383999999999999773e+02
4.384499999999999886e+02
4.389499999999999886e+02
4.396499999999999773e+02
4.392500000000000000e+02
4.391999999999999886e+02
4.406999999999999886e+02
4.401000000000000227e+02
4.395500000000000114e+02
4.406000000000000227e+02
4.400000000000000000e+02
4.388999999999999773e+02
4.393000000000000114e+02
4.378000000000000114e+02
4.378999999999999773e+02
4.365500000000000114e+02
4.361499999999999773e+02
4.361000000000000227e+02
4.376499999999999773e+02
4.380500000000000114e+02
4.376499999999999773e+02
4.383000000000000114e+02
4.381999999999999886e+02
4.378999999999999773e+02
4.379499999999999886e+02
4.375000000000000000e+02
4.373999999999999773e+02
4.383000000000000114e+02
4.389499999999999886e+02
4.391999999999999886e+02
4.388000000000000114e+02
4.389499999999999886e+02
4.387500000000000000e+02
4.391999999999999886e+02
4.388500000000000227e+02
4.385000000000000000e+02
4.385000000000000000e+02
4.393500000000000227e+02
4.384499999999999886e+02
4.376000000000000227e+02
4.378000000000000114e+02
4.375500000000000114e+02
4.365500000000000114e+02
4.363500000000000227e+02
4.365500000000000114e+02
4.368500000000000227e+02
4.375500000000000114e+02
4.379499999999999886e+02
4.379499999999999886e+02
4.357500000000000000e+02
4.371499999999999773e+02
4.363500000000000227e+02
4.355500000000000114e+02
4.363500000000000227e+02
4.371000000000000227e+02
4.373500000000000227e+02
4.364499999999999886e+02
4.358000000000000114e+02
4.372500000000000000e+02
4.371999999999999886e+02
4.370500000000000114e+02
4.370500000000000114e+02
4.368500000000000227e+02
4.366499999999999773e+02
4.376999999999999886e+02
4.385000000000000000e+02
4.383500000000000227e+02
4.392500000000000000e+02
4.390000000000000000e+02
4.390500000000000114e+02
4.401499999999999773e+02
4.413500000000000227e+02
4.405500000000000114e+02
4.406999999999999886e+02
4.415500000000000114e+02
4.420500000000000114e+02
4.429499999999999886e+02
4.433500000000000227e+02
4.440000000000000000e+02
4.429499999999999886e+02
4.433999999999999773e+02
4.435000000000000000e+02
4.447500000000000000e+02
4.436999999999999886e+02
4.431999999999999886e+02
4.444499999999999886e+02
4.431000000000000227e+02
4.432500000000000000e+02
4.440500000000000114e+02
4.436000000000000227e+02
4.438999999999999773e+02
4.441999999999999886e+02
4.441999999999999886e+02
4.435500000000000114e+02
4.444499999999999886e+02
4.459499999999999886e+02
4.455500000000000114e+02
4.443999999999999773e+02
4.451000000000000227e+02
4.466999999999999886e+02
4.468999999999999773e+02
4.468000000000000114e+02
4.464499999999999886e+02
4.466499999999999773e+02
4.471499999999999773e+02
4.466000000000000227e+02
4.474499999999999886e+02
4.473000000000000114e+02
4.468999999999999773e+02
4.496499999999999773e+02
4.486000000000000227e+02
4.489499999999999886e+02
4.501999999999999886e+02
4.481999999999999886e+02
4.478999999999999773e+02
4.477500000000000000e+02
4.486000000000000227e+02
4.481499999999999773e+02
4.483999999999999773e+02
4.488999999999999773e+02
4.493999999999999773e+02
4.503999999999999773e+02
4.491999999999999886e+02
4.494499999999999886e+02
4.473500000000000227e+02
4.458000000000000114e+02
4.450000000000000000e+02
4.446499999999999773e+02
4.460000000000000000e+02
4.466499999999999773e+02
4.453500000000000227e+02
4.451999999999999886e+02
4.458000000000000114e+02
4.468000000000000114e+02
4.465000000000000000e+02
4.466499999999999773e+02
4.481000000000000227e+02
4.478500000000000227e+02
4.476000000000000227e+02
4.468000000000000114e+02
4.468000000000000114e+02
4.468999999999999773e+02
4.458999999999999773e+02
4.455500000000000114e+02
4.461000000000000227e+02
4.447500000000000000e+02
4.455500000000000114e+02
4.452500000000000000e+02
4.448999999999999773e+02
4.443500000000000227e+02
4.443999999999999773e+02
4.448000000000000114e+02
4.445500000000000114e+02
4.448999999999999773e+02
4.443500000000000227e+02
4.433500000000000227e+02
4.438500000000000227e+02
4.438000000000000114e+02
4.441499999999999773e+02
4.435500000000000114e+02
4.429499999999999886e+02
4.439499999999999886e+02
4.440500000000000114e+02
4.450500000000000114e+02
4.451999999999999886e+02
4.451499999999999773e+02
4.450500000000000114e+02
4.451999999999999886e+02
4.446999999999999886e+02
4.443000000000000114e+02
4.445500000000000114e+02
4.451999999999999886e+02
4.453500000000000227e+02
4.463000000000000114e+02
4.465000000000000000e+02
4.462500000000000000e+02
4.461499999999999773e+02
4.444499999999999886e+02
4.436999999999999886e+02
4.435000000000000000e+02
4.427500000000000000e+02
4.412500000000000000e+02
4.408500000000000227e+02
4.431000000000000227e+02
4.441499999999999773e+02
4.444499999999999886e+02
4.453000000000000114e+02
4.453500000000000227e+02
4.451999999999999886e+02
4.441999999999999886e+02
4.441499999999999773e+02
4.435000000000000000e+02
4.433000000000000114e+02
4.430500000000000114e+02
4.422500000000000000e+02
4.418500000000000227e+02
4.398000000000000114e+02
4.398500000000000227e+02
4.386999999999999886e+02
4.406499999999999773e+02
4.406000000000000227e+02
4.392500000000000000e+02
4.395000000000000000e+02
4.396000000000000227e+02
4.402500000000000000e+02
4.398999999999999773e+02
4.394499999999999886e+02
4.398000000000000114e+02
4.403500000000000227e+02
4.407500000000000000e+02
4.405500000000000114e+02
4.408999999999999773e+02
4.419499999999999886e+02
4.408500000000000227e+02
4.405000000000000000e+02
4.408500000000000227e+02
4.386999999999999886e+02
4.392500000000000000e+02
4.397500000000000000e+02
4.384499999999999886e+02
4.385000000000000000e+02
4.386000000000000227e+02
4.382500000000000000e+02
4.380000000000000000e+02
4.372500000000000000e+02
4.384499999999999886e+02
4.356999999999999886e+02
4.342500000000000000e+02
4.343500000000000227e+02
4.333999999999999773e+02
4.328500000000000227e+02
4.340500000000000114e+02
4.326000000000000227e+02
4.330500000000000114e+02
4.333500000000000227e+02
4.340500000000000114e+02
4.330500000000000114e+02
4.327500000000000000e+02
4.324499999999999886e+02
4.331999999999999886e+02
4.329499999999999886e+02
4.326499999999999773e+02
4.330000000000000000e+02
4.316499999999999773e+02
4.306000000000000227e+02
4.309499999999999886e+02
4.295000000000000000e+02
4.287500000000000000e+02
4.278000000000000114e+02
4.293999999999999773e+02
4.301499999999999773e+02
4.308000000000000114e+02
4.321999999999999886e+02
4.323500000000000227e+02
4.328500000000000227e+02
4.331499999999999773e+02
4.349499999999999886e+02
4.337500000000000000e+02
4.349499999999999886e+02
4.356999999999999886e+02
4.357500000000000000e+02
4.353999999999999773e+02
4.361000000000000227e+02
4.354499999999999886e+02
4.359499999999999886e+02
4.362500000000000000e+02
4.371499999999999773e+02
4.375000000000000000e+02
4.368500000000000227e+02
4.366999999999999886e+02
4.375000000000000000e+02
4.374499999999999886e+02
4.373000000000000114e+02
4.366000000000000227e+02
4.373500000000000227e+02
4.375000000000000000e+02
4.396000000000000227e+02
4.390000000000000000e+02
4.383999999999999773e+02
4.372500000000000000e+02
4.378000000000000114e+02
4.376000000000000227e+02
4.377500000000000000e+02
4.373000000000000114e+02
4.370500000000000114e+02
4.355000000000000000e+02
4.383000000000000114e+02
4.396000000000000227e+02
4.403500000000000227e+02
4.408500000000000227e+02
4.425000000000000000e+02
4.423000000000000114e+02
4.433000000000000114e+02
4.441999999999999886e+02
4.438000000000000114e+02
4.431499999999999773e+02
4.446499999999999773e+02
4.474499999999999886e+02
4.477500000000000000e+02
4.480500000000000114e+02
4.494499999999999886e+02
4.488999999999999773e+02
4.501999999999999886e+02
4.494499999999999886e+02
4.518999999999999773e+02
4.523000000000000114e+02
4.547500000000000000e+02
4.553000000000000114e+02
4.553500000000000227e+02
4.538500000000000227e+02
4.535500000000000114e+02
4.537500000000000000e+02
4.520500000000000114e+02
4.510000000000000000e+02
4.512500000000000000e+02
4.509499999999999886e+02
4.509499999999999886e+02
4.508500000000000227e+02
4.506499999999999773e+02
4.508500000000000227e+02
4.503000000000000114e+02
4.511999999999999886e+02
4.513000000000000114e+02
4.519499999999999886e+02
4.523999999999999773e+02
4.525000000000000000e+02
4.533999999999999773e+02
4.546499999999999773e+02
4.549499999999999886e+02
4.538999999999999773e+02
4.541000000000000227e+02
4.541499999999999773e+02
4.538999999999999773e+02
4.550500000000000114e+02
4.553500000000000227e+02
4.544499999999999886e+02
4.545500000000000114e+02
4.549499999999999886e+02
4.553500000000000227e+02
4.585000000000000000e+02
4.588500000000000227e+02
4.590500000000000114e+02
4.605000000000000000e+02
4.603999999999999773e+02
4.615500000000000114e+02
4.623000000000000114e+02
4.611499999999999773e+02
4.608999999999999773e+02
4.618000000000000114e+02
4.618999999999999773e+02
4.600500000000000114e+02
4.603500000000000227e+02
4.605000000000000000e+02
4.597500000000000000e+02
4.598000000000000114e+02
4.593999999999999773e+02
4.601000000000000227e+02
4.594499999999999886e+02
4.601000000000000227e+02
4.603500000000000227e+02
4.595000000000000000e+02
4.603999999999999773e+02
4.608500000000000227e+02
4.614499999999999886e+02
4.608500000000000227e+02
4.608500000000000227e+02
4.611499999999999773e+02
4.608999999999999773e+02
4.598999999999999773e+02
4.614499999999999886e+02
4.603999999999999773e+02
4.603500000000000227e+02
4.609499999999999886e+02
4.608500000000000227e+02
4.605500000000000114e+02
4.611499999999999773e+02
4.607500000000000000e+02
4.615500000000000114e+02
4.616000000000000227e+02
4.603999999999999773e+02
4.597500000000000000e+02
4.584499999999999886e+02
4.584499999999999886e+02
4.586999999999999886e+02
4.583500000000000227e+02
4.592500000000000000e+02
4.566499999999999773e+02
4.566000000000000227e+02
4.567500000000000000e+02
4.568999999999999773e+02
4.546999999999999886e+02
4.535500000000000114e+02
4.536000000000000227e+02
4.540500000000000114e+02
4.536999999999999886e+02
4.548999999999999773e+02
4.544499999999999886e+02
4.553999999999999773e+02
4.543999999999999773e+02
4.543000000000000114e+02
4.536000000000000227e+02
4.528999999999999773e+02
4.519499999999999886e+02
4.505000000000000000e+02
4.473500000000000227e+02
4.465500000000000114e+02
4.453500000000000227e+02
4.458500000000000227e+02
4.448000000000000114e+02
4.450500000000000114e+02
4.468000000000000114e+02
4.461499999999999773e+02
4.442500000000000000e+02
4.443000000000000114e+02
4.445000000000000000e+02
4.456999999999999886e+02
4.440500000000000114e+02
4.448500000000000227e+02
4.446499999999999773e+02
4.431000000000000227e+02
4.431999999999999886e+02
4.435500000000000114e+02
4.436999999999999886e+02
4.438000000000000114e+02
4.437500000000000000e+02
4.441000000000000227e+02
4.448500000000000227e+02
4.448999999999999773e+02
4.466499999999999773e+02
4.455500000000000114e+02
4.471499999999999773e+02
4.471000000000000227e+02
4.470500000000000114e+02
4.476499999999999773e+02
4.493000000000000114e+02
4.476999999999999886e+02
4.480500000000000114e+02
4.475500000000000114e+02
4.471499999999999773e+02
4.476000000000000227e+02
4.471000000000000227e+02
4.480500000000000114e+02
4.482500000000000000e+02
4.461999999999999886e+02
4.460000000000000000e+02
4.448999999999999773e+02
4.471499999999999773e+02
4.473500000000000227e+02
4.461499999999999773e+02
4.444499999999999886e+02
4.463000000000000114e+02
4.473000000000000114e+02
4.480500000000000114e+02
4.484499999999999886e+02
4.473999999999999773e+02
4.446999999999999886e+02
4.446000000000000227e+02
4.441000000000000227e+02
4.444499999999999886e+02
4.445500000000000114e+02
4.438500000000000227e+02
4.432500000000000000e+02
4.426499999999999773e+02
4.421499999999999773e+02
4.457500000000000000e+02
4.453000000000000114e+02
4.487500000000000000e+02
4.478999999999999773e+02
4.483000000000000114e+02
4.484499999999999886e+02
4.478999999999999773e+02
4.483999999999999773e+02
4.492500000000000000e+02
4.505500000000000114e+02
4.494499999999999886e+02
4.488999999999999773e+02
4.488999999999999773e+02
4.486000000000000227e+02
4.491499999999999773e+02
4.506000000000000227e+02
4.496499999999999773e+02
4.481499999999999773e+02
4.482500000000000000e+02
4.475500000000000114e+02
4.465000000000000000e+02
4.451999999999999886e+02
4.446499999999999773e+02
4.438999999999999773e+02
4.438999999999999773e+02
4.448000000000000114e+02
4.445500000000000114e+02
4.443500000000000227e+02
4.443500000000000227e+02
4.453999999999999773e+02
4.435500000000000114e+02
4.442500000000000000e+02
4.430500000000000114e+02
4.393500000000000227e+02
4.393000000000000114e+02
4.392500000000000000e+02
4.415000000000000000e+02
4.412500000000000000e+02
4.411499999999999773e+02
4.420000000000000000e+02
4.421000000000000227e+02
4.426999999999999886e+02
4.420500000000000114e+02
4.416000000000000227e+02
4.425000000000000000e+02
4.442500000000000000e+02
4.447500000000000000e+02
4.445000000000000000e+02
4.436499999999999773e+02
4.428000000000000114e+02
4.435000000000000000e+02
4.451999999999999886e+02
4.450000000000000000e+02
4.446999999999999886e+02
4.445000000000000000e+02
4.446999999999999886e+02
4.450500000000000114e+02
4.443000000000000114e+02
4.448999999999999773e+02
4.453500000000000227e+02
4.445000000000000000e+02
4.441000000000000227e+02
4.428500000000000227e+02
4.431499999999999773e+02
4.426999999999999886e+02
4.408999999999999773e+02
4.406499999999999773e+02
4.406000000000000227e+02
4.402500000000000000e+02
4.403500000000000227e+02
4.403999999999999773e+02
4.398000000000000114e+02
4.391000000000000227e+02
4.388999999999999773e+02
4.353500000000000227e+02
4.356000000000000227e+02
4.331000000000000227e+02
4.335000000000000000e+02
4.335000000000000000e+02
4.317500000000000000e+02
4.322500000000000000e+02
4.334499999999999886e+02
4.340000000000000000e+02
4.343500000000000227e+02
4.352500000000000000e+02
4.340500000000000114e+02
4.313500000000000227e+02
4.319499999999999886e+02
4.323000000000000114e+02
4.315500000000000114e+02
4.327500000000000000e+02
4.330500000000000114e+02
4.345500000000000114e+02
4.381000000000000227e+02
4.390000000000000000e+02
4.403999999999999773e+02
4.396000000000000227e+02
4.384499999999999886e+02
4.378000000000000114e+02
4.368999999999999773e+02
4.376000000000000227e+02
4.380500000000000114e+02
4.373000000000000114e+02
4.386000000000000227e+02
4.358999999999999773e+02
4.364499999999999886e+02
4.359499999999999886e+02
4.362500000000000000e+02
4.368999999999999773e+02
4.371000000000000227e+02
4.375000000000000000e+02
4.380000000000000000e+02
4.372500000000000000e+02
4.374499999999999886e+02
4.386000000000000227e+02
4.381000000000000227e+02
4.373999999999999773e+02
4.371499999999999773e+02
4.398000000000000114e+02
4.415500000000000114e+02
4.425500000000000114e+02
4.431000000000000227e+02
4.439499999999999886e+02
4.438500000000000227e+02
4.441499999999999773e+02
4.458000000000000114e+02
4.458000000000000114e+02
4.456499999999999773e+02
4.470000000000000000e+02
4.467500000000000000e+02
4.461499999999999773e+02
4.478999999999999773e+02
4.488999999999999773e+02
4.488000000000000114e+02
4.514499999999999886e+02
4.518500000000000227e+02
4.548000000000000114e+02
4.548500000000000227e+02
4.548999999999999773e+02
4.570000000000000000e+02
4.581499999999999773e+02
4.576499999999999773e+02
4.581499999999999773e+02
4.573999999999999773e+02
4.570000000000000000e+02
4.563500000000000227e+02
4.588500000000000227e+02
4.585500000000000114e+02
4.594499999999999886e+02
4.604499999999999886e+02
4.604499999999999886e+02
4.603999999999999773e+02
4.609499999999999886e+02
4.605000000000000000e+02
4.613999999999999773e+02
4.611999999999999886e+02
4.615000000000000000e+02
4.611000000000000227e+02
4.620000000000000000e+02
4.635000000000000000e+02
4.641000000000000227e+02
4.643999999999999773e+02
4.652500000000000000e+02
4.656999999999999886e+02
4.668999999999999773e+02
4.671000000000000227e+02
4.676499999999999773e+02
4.668999999999999773e+02
4.663999999999999773e+02
4.663000000000000114e+02
4.666000000000000227e+02
4.663999999999999773e+02
4.676499999999999773e+02
4.675500000000000114e+02
4.660000000000000000e+02
4.669499999999999886e+02
4.680500000000000114e+02
4.683000000000000114e+02
4.666000000000000227e+02
4.664499999999999886e+02
4.658000000000000114e+02
4.646999999999999886e+02
4.651000000000000227e+02
4.656000000000000227e+02
4.651999999999999886e+02
4.648999999999999773e+02
4.646499999999999773e+02
4.652500000000000000e+02
4.653000000000000114e+02
4.644499999999999886e+02
4.642500000000000000e+02
4.638000000000000114e+02
4.628999999999999773e+02
4.636499999999999773e+02
4.638999999999999773e+02
4.633999999999999773e+02
4.628500000000000227e+02
4.627500000000000000e+02
4.638999999999999773e+02
4.631499999999999773e+02
4.626999999999999886e+02
4.618999999999999773e+02
4.590000000000000000e+02
4.590000000000000000e+02
4.591999999999999886e+02
4.611499999999999773e+02
4.611999999999999886e+02
4.616000000000000227e+02
4.620500000000000114e+02
4.613000000000000114e+02
4.612500000000000000e+02
4.603500000000000227e+02
4.603000000000000114e+02
4.601999999999999886e+02
4.610500000000000114e+02
4.606999999999999886e+02
4.585500000000000114e+02
4.600000000000000000e+02
4.601999999999999886e+02
4.590500000000000114e+02
4.590000000000000000e+02
4.584499999999999886e+02
4.592500000000000000e+02
4.579499999999999886e+02
4.579499999999999886e+02
4.586999999999999886e+02
4.595500000000000114e+02
4.597500000000000000e+02
4.606000000000000227e+02
4.578999999999999773e+02
4.593000000000000114e+02
4.591000000000000227e+02
4.598500000000000227e+02
4.611499999999999773e+02
4.609499999999999886e+02
4.587500000000000000e+02
4.588500000000000227e+02
4.581499999999999773e+02
4.591000000000000227e+02
4.586499999999999773e+02
4.588500000000000227e+02
4.589499999999999886e+02
4.589499999999999886e+02
4.589499999999999886e+02
4.596000000000000227e+02
4.604499999999999886e+02
4.608500000000000227e+02
4.581999999999999886e+02
4.569499999999999886e+02
4.576999999999999886e+02
4.589499999999999886e+02
4.581000000000000227e+02
4.593000000000000114e+02
4.593000000000000114e+02
4.593999999999999773e+02
4.596499999999999773e+02
4.604499999999999886e+02
4.600500000000000114e+02
4.599499999999999886e+02
4.601499999999999773e+02
4.610500000000000114e+02
4.611999999999999886e+02
4.635500000000000114e+02
4.645000000000000000e+02
4.652500000000000000e+02
4.641999999999999886e+02
4.641499999999999773e+02
4.643999999999999773e+02
4.636999999999999886e+02
4.633000000000000114e+02
4.632500000000000000e+02
4.645000000000000000e+02
4.636499999999999773e+02
4.631499999999999773e+02
4.617500000000000000e+02
4.606999999999999886e+02
4.628500000000000227e+02
4.636000000000000227e+02
4.640000000000000000e+02
4.645500000000000114e+02
4.638999999999999773e+02
4.638500000000000227e+02
4.622500000000000000e+02
4.618000000000000114e+02
4.616000000000000227e+02
4.621499999999999773e+02
4.605500000000000114e+02
4.603999999999999773e+02
4.601000000000000227e+02
4.630000000000000000e+02
4.624499999999999886e+02
4.617500000000000000e+02
4.598500000000000227e+02
4.588500000000000227e+02
4.592500000000000000e+02
4.591999999999999886e+02
4.591000000000000227e+02
4.600000000000000000e+02
4.592500000000000000e+02
4.591999999999999886e+02
4.593999999999999773e+02
4.609499999999999886e+02
4.606499999999999773e+02
4.596000000000000227e+02
4.587500000000000000e+02
4.571000000000000227e+02
4.559499999999999886e+02
4.578999999999999773e+02
4.595000000000000000e+02
4.592500000000000000e+02
4.598500000000000227e+02
4.611499999999999773e+02
4.605000000000000000e+02
4.599499999999999886e+02
4.606999999999999886e+02
4.598500000000000227e+02
4.606999999999999886e+02
4.616999999999999886e+02
4.616999999999999886e+02
4.612500000000000000e+02
4.599499999999999886e+02
4.600000000000000000e+02
4.595500000000000114e+02
4.586000000000000227e+02
4.586999999999999886e+02
4.587500000000000000e+02
4.578999999999999773e+02
4.566000000000000227e+02
4.558500000000000227e+02
4.553500000000000227e+02
4.558500000000000227e+02
4.561499999999999773e+02
4.565000000000000000e+02
4.570500000000000114e+02
4.569499999999999886e+02
4.586999999999999886e+02
4.572500000000000000e+02
4.573500000000000227e+02
4.571499999999999773e+02
4.556000000000000227e+02
4.548500000000000227e+02
4.538500000000000227e+02
4.546499999999999773e+02
4.557500000000000000e+02
4.561499999999999773e+02
4.561499999999999773e+02
4.551999999999999886e+02
4.556000000000000227e+02
4.560000000000000000e+02
4.560500000000000114e+02
4.547500000000000000e+02
4.541499999999999773e+02
4.551999999999999886e+02
4.547500000000000000e+02
4.557500000000000000e+02
4.576999999999999886e+02
4.581499999999999773e+02
4.573999999999999773e+02
4.563500000000000227e+02
4.553999999999999773e+02
4.544499999999999886e+02
4.539499999999999886e+02
4.543500000000000227e+02
4.551499999999999773e+02
4.554499999999999886e+02
4.576499999999999773e+02
4.586000000000000227e+02
4.581499999999999773e+02
4.590500000000000114e+02
4.591999999999999886e+02
4.590000000000000000e+02
4.583999999999999773e+02
4.569499999999999886e+02
4.576000000000000227e+02
4.568999999999999773e+02
4.578000000000000114e+02
4.578500000000000227e+02
4.571499999999999773e+02
4.571000000000000227e+02
4.562500000000000000e+02
4.563500000000000227e+02
4.559499999999999886e+02
4.556000000000000227e+02
4.556499999999999773e+02
4.543999999999999773e+02
4.550000000000000000e+02
4.560000000000000000e+02
4.565000000000000000e+02
4.568500000000000227e+02
4.566000000000000227e+02
4.568999999999999773e+02
4.569499999999999886e+02
4.570500000000000114e+02
4.563000000000000114e+02
4.561999999999999886e+02
4.552500000000000000e+02
4.567500000000000000e+02
4.564499999999999886e+02
4.570500000000000114e+02
4.588000000000000114e+02
4.591499999999999773e+02
4.605000000000000000e+02
4.615500000000000114e+02
4.609499999999999886e+02
4.610500000000000114e+02
4.616499999999999773e+02
4.628999999999999773e+02
4.621999999999999886e+02
