-2.687000000000000099e+01
-2.239000000000000057e+01
-1.937000000000000099e+01
-1.932999999999999829e+01
-1.932999999999999829e+01
-1.878000000000000114e+01
-1.878000000000000114e+01
-1.844000000000000128e+01
-1.644000000000000128e+01
-1.644000000000000128e+01
-1.486999999999999922e+01
-1.424000000000000021e+01
-1.349000000000000021e+01
-1.349000000000000021e+01
-1.216999999999999993e+01
-1.209999999999999964e+01
-1.209999999999999964e+01
-1.209999999999999964e+01
-1.209999999999999964e+01
-1.209999999999999964e+01
-1.209999999999999964e+01
-1.209999999999999964e+01
-1.209999999999999964e+01
-1.209999999999999964e+01
-1.209999999999999964e+01
-1.209999999999999964e+01
-1.161999999999999922e+01
-1.027999999999999936e+01
-9.939999999999999503e+00
-8.439999999999999503e+00
-6.860000000000000320e+00
-6.179999999999999716e+00
-6.179999999999999716e+00
-5.750000000000000000e+00
-5.429999999999999716e+00
-5.169999999999999929e+00
-5.110000000000000320e+00
-4.820000000000000284e+00
-4.820000000000000284e+00
-4.660000000000000142e+00
-4.660000000000000142e+00
-4.660000000000000142e+00
-4.639999999999999680e+00
-4.639999999999999680e+00
-4.639999999999999680e+00
-4.639999999999999680e+00
-4.639999999999999680e+00
-4.639999999999999680e+00
-4.639999999999999680e+00
-4.639999999999999680e+00
-4.639999999999999680e+00
-4.639999999999999680e+00
-4.639999999999999680e+00
-4.639999999999999680e+00
-4.639999999999999680e+00
-4.639999999999999680e+00
-4.639999999999999680e+00
-4.639999999999999680e+00
-4.639999999999999680e+00
-4.639999999999999680e+00
-4.639999999999999680e+00
-4.639999999999999680e+00
-4.639999999999999680e+00
-4.639999999999999680e+00
-4.639999999999999680e+00
-4.639999999999999680e+00
-4.639999999999999680e+00
-4.639999999999999680e+00
-4.639999999999999680e+00
-4.639999999999999680e+00
-4.639999999999999680e+00
-4.639999999999999680e+00
-4.639999999999999680e+00
-4.639999999999999680e+00
-4.639999999999999680e+00
-4.639999999999999680e+00
-4.639999999999999680e+00
-4.639999999999999680e+00
-4.639999999999999680e+00
-4.639999999999999680e+00
-4.639999999999999680e+00
-4.639999999999999680e+00
-4.639999999999999680e+00
-4.639999999999999680e+00
-4.639999999999999680e+00
-4.639999999999999680e+00
-4.639999999999999680e+00
-4.639999999999999680e+00
-4.639999999999999680e+00
-4.639999999999999680e+00
-4.639999999999999680e+00
-4.639999999999999680e+00
-4.639999999999999680e+00
-4.639999999999999680e+00
-4.639999999999999680e+00
-4.639999999999999680e+00
-4.639999999999999680e+00
-3.950000000000000178e+00
-3.950000000000000178e+00
-3.819999999999999840e+00
-3.640000000000000124e+00
-3.609999999999999876e+00
-3.459999999999999964e+00
-3.040000000000000036e+00
-3.040000000000000036e+00
-2.959999999999999964e+00
-2.959999999999999964e+00
-2.959999999999999964e+00
-2.959999999999999964e+00
-2.959999999999999964e+00
-2.959999999999999964e+00
-2.959999999999999964e+00
-2.959999999999999964e+00
-2.959999999999999964e+00
-2.959999999999999964e+00
-2.959999999999999964e+00
-2.959999999999999964e+00
-2.959999999999999964e+00
-2.959999999999999964e+00
-2.959999999999999964e+00
-2.959999999999999964e+00
-2.959999999999999964e+00
-2.959999999999999964e+00
-2.959999999999999964e+00
-2.959999999999999964e+00
-2.959999999999999964e+00
-2.959999999999999964e+00
-2.959999999999999964e+00
-2.959999999999999964e+00
-2.959999999999999964e+00
-2.959999999999999964e+00
-2.959999999999999964e+00
-2.270000000000000018e+00
-2.270000000000000018e+00
-2.270000000000000018e+00
-2.270000000000000018e+00
-2.270000000000000018e+00
-2.270000000000000018e+00
-2.270000000000000018e+00
-2.270000000000000018e+00
-2.270000000000000018e+00
-2.270000000000000018e+00
-2.270000000000000018e+00
-2.270000000000000018e+00
-2.270000000000000018e+00
-2.270000000000000018e+00
-2.270000000000000018e+00
-2.270000000000000018e+00
-2.270000000000000018e+00
-2.270000000000000018e+00
-2.270000000000000018e+00
-2.270000000000000018e+00
-2.270000000000000018e+00
-2.270000000000000018e+00
-2.270000000000000018e+00
-2.270000000000000018e+00
-2.270000000000000018e+00
-2.270000000000000018e+00
-2.270000000000000018e+00
-2.270000000000000018e+00
-2.270000000000000018e+00
-2.270000000000000018e+00
-2.270000000000000018e+00
-2.270000000000000018e+00
-2.270000000000000018e+00
-2.270000000000000018e+00
-2.270000000000000018e+00
-2.270000000000000018e+00
-2.270000000000000018e+00
-2.270000000000000018e+00
-2.270000000000000018e+00
-2.270000000000000018e+00
-2.270000000000000018e+00
-2.270000000000000018e+00
-2.270000000000000018e+00
-2.270000000000000018e+00
-2.270000000000000018e+00
-2.270000000000000018e+00
-2.270000000000000018e+00
-2.270000000000000018e+00
-2.270000000000000018e+00
-2.270000000000000018e+00
-2.270000000000000018e+00
-2.270000000000000018e+00
-2.270000000000000018e+00
-2.270000000000000018e+00
-2.270000000000000018e+00
-2.270000000000000018e+00
-2.270000000000000018e+00
-2.270000000000000018e+00
-2.270000000000000018e+00
-2.270000000000000018e+00
-2.270000000000000018e+00
-2.270000000000000018e+00
-2.270000000000000018e+00
-2.270000000000000018e+00
-2.270000000000000018e+00
-2.270000000000000018e+00
-2.270000000000000018e+00
-1.899999999999999911e+00
-1.899999999999999911e+00
-1.899999999999999911e+00
-1.840000000000000080e+00
-1.260000000000000009e+00
-1.260000000000000009e+00
-1.260000000000000009e+00
-1.260000000000000009e+00
-1.260000000000000009e+00
-1.260000000000000009e+00
-1.260000000000000009e+00
-1.260000000000000009e+00
-1.260000000000000009e+00
-1.260000000000000009e+00
-1.260000000000000009e+00
-1.260000000000000009e+00
-1.260000000000000009e+00
-1.260000000000000009e+00
-1.260000000000000009e+00
-1.260000000000000009e+00
-1.260000000000000009e+00
-1.260000000000000009e+00
-1.260000000000000009e+00
-1.260000000000000009e+00
-1.260000000000000009e+00
-1.260000000000000009e+00
-1.260000000000000009e+00
-1.260000000000000009e+00
-1.260000000000000009e+00
-1.260000000000000009e+00
-1.260000000000000009e+00
-1.260000000000000009e+00
-1.260000000000000009e+00
-1.260000000000000009e+00
-1.260000000000000009e+00
-1.260000000000000009e+00
-1.260000000000000009e+00
-1.260000000000000009e+00
-1.260000000000000009e+00
-1.260000000000000009e+00
-1.260000000000000009e+00
-1.260000000000000009e+00
-1.260000000000000009e+00
-1.260000000000000009e+00
-1.260000000000000009e+00
-1.260000000000000009e+00
-1.260000000000000009e+00
-1.260000000000000009e+00
-1.260000000000000009e+00
-1.260000000000000009e+00
-1.260000000000000009e+00
-1.260000000000000009e+00
-1.260000000000000009e+00
-8.800000000000000044e-01
-3.099999999999999978e-01
-1.100000000000000006e-01
-1.100000000000000006e-01
-1.100000000000000006e-01
-1.100000000000000006e-01
1.799999999999999933e-01
1.799999999999999933e-01
1.799999999999999933e-01
1.799999999999999933e-01
1.799999999999999933e-01
9.699999999999999734e-01
1.050000000000000044e+00
1.050000000000000044e+00
1.050000000000000044e+00
1.050000000000000044e+00
1.050000000000000044e+00
1.050000000000000044e+00
1.050000000000000044e+00
1.050000000000000044e+00
1.050000000000000044e+00
1.050000000000000044e+00
1.050000000000000044e+00
1.050000000000000044e+00
1.050000000000000044e+00
1.050000000000000044e+00
1.050000000000000044e+00
1.050000000000000044e+00
1.050000000000000044e+00
1.050000000000000044e+00
1.050000000000000044e+00
1.050000000000000044e+00
1.050000000000000044e+00
1.050000000000000044e+00
1.050000000000000044e+00
1.050000000000000044e+00
1.050000000000000044e+00
1.050000000000000044e+00
1.050000000000000044e+00
1.050000000000000044e+00
1.050000000000000044e+00
1.050000000000000044e+00
1.050000000000000044e+00
1.050000000000000044e+00
1.050000000000000044e+00
1.050000000000000044e+00
1.050000000000000044e+00
1.050000000000000044e+00
1.050000000000000044e+00
1.050000000000000044e+00
1.050000000000000044e+00
1.050000000000000044e+00
1.050000000000000044e+00
1.050000000000000044e+00
1.050000000000000044e+00
1.050000000000000044e+00
1.050000000000000044e+00
1.050000000000000044e+00
1.050000000000000044e+00
1.050000000000000044e+00
1.050000000000000044e+00
1.050000000000000044e+00
1.050000000000000044e+00
1.050000000000000044e+00
1.050000000000000044e+00
1.050000000000000044e+00
1.050000000000000044e+00
1.050000000000000044e+00
1.050000000000000044e+00
1.050000000000000044e+00
1.050000000000000044e+00
1.050000000000000044e+00
1.050000000000000044e+00
1.050000000000000044e+00
1.050000000000000044e+00
1.050000000000000044e+00
1.050000000000000044e+00
1.050000000000000044e+00
1.050000000000000044e+00
1.050000000000000044e+00
1.050000000000000044e+00
1.050000000000000044e+00
1.050000000000000044e+00
1.050000000000000044e+00
1.050000000000000044e+00
1.050000000000000044e+00
1.050000000000000044e+00
1.050000000000000044e+00
1.050000000000000044e+00
1.050000000000000044e+00
1.050000000000000044e+00
1.050000000000000044e+00
1.050000000000000044e+00
1.050000000000000044e+00
1.050000000000000044e+00
1.050000000000000044e+00
1.050000000000000044e+00
1.050000000000000044e+00
1.050000000000000044e+00
1.050000000000000044e+00
1.050000000000000044e+00
1.050000000000000044e+00
1.050000000000000044e+00
1.050000000000000044e+00
1.050000000000000044e+00
1.050000000000000044e+00
1.050000000000000044e+00
1.050000000000000044e+00
1.050000000000000044e+00
1.050000000000000044e+00
1.050000000000000044e+00
1.050000000000000044e+00
1.050000000000000044e+00
1.050000000000000044e+00
1.050000000000000044e+00
1.050000000000000044e+00
1.050000000000000044e+00
1.050000000000000044e+00
1.050000000000000044e+00
1.050000000000000044e+00
1.050000000000000044e+00
1.050000000000000044e+00
1.050000000000000044e+00
1.050000000000000044e+00
1.050000000000000044e+00
1.050000000000000044e+00
1.050000000000000044e+00
1.050000000000000044e+00
1.050000000000000044e+00
1.050000000000000044e+00
1.050000000000000044e+00
1.050000000000000044e+00
1.050000000000000044e+00
1.050000000000000044e+00
1.050000000000000044e+00
1.050000000000000044e+00
1.050000000000000044e+00
1.050000000000000044e+00
1.050000000000000044e+00
1.050000000000000044e+00
1.050000000000000044e+00
1.050000000000000044e+00
1.050000000000000044e+00
1.050000000000000044e+00
1.050000000000000044e+00
1.050000000000000044e+00
1.050000000000000044e+00
1.050000000000000044e+00
1.050000000000000044e+00
1.050000000000000044e+00
1.050000000000000044e+00
1.050000000000000044e+00
1.050000000000000044e+00
1.050000000000000044e+00
1.050000000000000044e+00
1.050000000000000044e+00
1.050000000000000044e+00
1.050000000000000044e+00
1.050000000000000044e+00
1.050000000000000044e+00
1.050000000000000044e+00
1.050000000000000044e+00
1.050000000000000044e+00
1.050000000000000044e+00
1.050000000000000044e+00
1.050000000000000044e+00
1.050000000000000044e+00
1.050000000000000044e+00
1.050000000000000044e+00
1.050000000000000044e+00
1.050000000000000044e+00
1.050000000000000044e+00
1.050000000000000044e+00
1.050000000000000044e+00
1.050000000000000044e+00
1.050000000000000044e+00
1.050000000000000044e+00
1.050000000000000044e+00
1.050000000000000044e+00
1.050000000000000044e+00
1.050000000000000044e+00
1.050000000000000044e+00
1.050000000000000044e+00
1.050000000000000044e+00
1.050000000000000044e+00
1.050000000000000044e+00
1.050000000000000044e+00
1.050000000000000044e+00
1.050000000000000044e+00
1.050000000000000044e+00
1.050000000000000044e+00
1.050000000000000044e+00
1.050000000000000044e+00
1.050000000000000044e+00
1.050000000000000044e+00
1.050000000000000044e+00
1.050000000000000044e+00
1.050000000000000044e+00
1.050000000000000044e+00
1.050000000000000044e+00
1.050000000000000044e+00
1.050000000000000044e+00
1.050000000000000044e+00
1.050000000000000044e+00
1.050000000000000044e+00
1.050000000000000044e+00
1.050000000000000044e+00
1.050000000000000044e+00
1.050000000000000044e+00
1.050000000000000044e+00
1.050000000000000044e+00
1.050000000000000044e+00
1.050000000000000044e+00
1.050000000000000044e+00
1.050000000000000044e+00
1.050000000000000044e+00
1.050000000000000044e+00
1.050000000000000044e+00
1.050000000000000044e+00
1.050000000000000044e+00
1.050000000000000044e+00
1.050000000000000044e+00
1.050000000000000044e+00
1.050000000000000044e+00
1.050000000000000044e+00
1.050000000000000044e+00
1.050000000000000044e+00
1.050000000000000044e+00
1.050000000000000044e+00
1.050000000000000044e+00
1.050000000000000044e+00
1.050000000000000044e+00
1.050000000000000044e+00
1.050000000000000044e+00
1.050000000000000044e+00
1.050000000000000044e+00
1.050000000000000044e+00
1.050000000000000044e+00
1.050000000000000044e+00
1.050000000000000044e+00
1.050000000000000044e+00
1.050000000000000044e+00
1.050000000000000044e+00
1.050000000000000044e+00
1.050000000000000044e+00
1.050000000000000044e+00
1.050000000000000044e+00
1.050000000000000044e+00
1.050000000000000044e+00
1.050000000000000044e+00
1.050000000000000044e+00
1.050000000000000044e+00
1.050000000000000044e+00
1.050000000000000044e+00
1.050000000000000044e+00
1.050000000000000044e+00
1.050000000000000044e+00
1.050000000000000044e+00
1.050000000000000044e+00
1.050000000000000044e+00
1.050000000000000044e+00
1.050000000000000044e+00
1.050000000000000044e+00
1.050000000000000044e+00
1.050000000000000044e+00
1.050000000000000044e+00
1.050000000000000044e+00
1.050000000000000044e+00
1.050000000000000044e+00
1.050000000000000044e+00
1.050000000000000044e+00
1.050000000000000044e+00
1.050000000000000044e+00
1.050000000000000044e+00
1.050000000000000044e+00
1.050000000000000044e+00
1.050000000000000044e+00
1.050000000000000044e+00
1.050000000000000044e+00
1.050000000000000044e+00
1.050000000000000044e+00
1.050000000000000044e+00
1.050000000000000044e+00
1.050000000000000044e+00
1.050000000000000044e+00
1.050000000000000044e+00
1.050000000000000044e+00
1.050000000000000044e+00
1.050000000000000044e+00
1.050000000000000044e+00
1.050000000000000044e+00
1.050000000000000044e+00
1.050000000000000044e+00
1.050000000000000044e+00
1.050000000000000044e+00
1.050000000000000044e+00
1.050000000000000044e+00
1.050000000000000044e+00
1.050000000000000044e+00
1.050000000000000044e+00
1.050000000000000044e+00
1.050000000000000044e+00
1.050000000000000044e+00
1.050000000000000044e+00
1.050000000000000044e+00
1.050000000000000044e+00
1.050000000000000044e+00
1.050000000000000044e+00
1.050000000000000044e+00
1.050000000000000044e+00
1.050000000000000044e+00
1.050000000000000044e+00
1.050000000000000044e+00
1.050000000000000044e+00
1.050000000000000044e+00
1.219999999999999973e+00
1.530000000000000027e+00
1.699999999999999956e+00
1.699999999999999956e+00
1.699999999999999956e+00
1.699999999999999956e+00
1.699999999999999956e+00
2.149999999999999911e+00
2.879999999999999893e+00
3.060000000000000053e+00
3.060000000000000053e+00
3.060000000000000053e+00
3.060000000000000053e+00
3.060000000000000053e+00
3.060000000000000053e+00
3.060000000000000053e+00
3.060000000000000053e+00
3.060000000000000053e+00
3.060000000000000053e+00
3.060000000000000053e+00
3.060000000000000053e+00
3.060000000000000053e+00
3.060000000000000053e+00
3.060000000000000053e+00
3.060000000000000053e+00
3.060000000000000053e+00
3.060000000000000053e+00
3.060000000000000053e+00
3.060000000000000053e+00
3.060000000000000053e+00
3.060000000000000053e+00
3.060000000000000053e+00
3.060000000000000053e+00
3.060000000000000053e+00
3.060000000000000053e+00
3.060000000000000053e+00
3.060000000000000053e+00
3.060000000000000053e+00
3.060000000000000053e+00
3.060000000000000053e+00
3.060000000000000053e+00
3.060000000000000053e+00
3.060000000000000053e+00
3.060000000000000053e+00
3.060000000000000053e+00
3.060000000000000053e+00
3.060000000000000053e+00
3.339999999999999858e+00
3.439999999999999947e+00
3.589999999999999858e+00
3.919999999999999929e+00
3.979999999999999982e+00
4.549999999999999822e+00
4.549999999999999822e+00
4.679999999999999716e+00
4.910000000000000142e+00
5.129999999999999893e+00
5.450000000000000178e+00
5.679999999999999716e+00
5.679999999999999716e+00
5.679999999999999716e+00
5.679999999999999716e+00
5.679999999999999716e+00
5.679999999999999716e+00
5.679999999999999716e+00
5.679999999999999716e+00
5.679999999999999716e+00
5.679999999999999716e+00
5.679999999999999716e+00
5.679999999999999716e+00
5.679999999999999716e+00
5.679999999999999716e+00
5.679999999999999716e+00
5.679999999999999716e+00
5.679999999999999716e+00
5.679999999999999716e+00
5.679999999999999716e+00
5.679999999999999716e+00
5.679999999999999716e+00
5.679999999999999716e+00
5.679999999999999716e+00
5.679999999999999716e+00
5.679999999999999716e+00
5.679999999999999716e+00
5.679999999999999716e+00
5.679999999999999716e+00
5.679999999999999716e+00
5.679999999999999716e+00
5.679999999999999716e+00
5.679999999999999716e+00
5.679999999999999716e+00
5.679999999999999716e+00
5.679999999999999716e+00
5.679999999999999716e+00
5.679999999999999716e+00
5.679999999999999716e+00
5.679999999999999716e+00
5.679999999999999716e+00
5.679999999999999716e+00
5.679999999999999716e+00
5.679999999999999716e+00
5.679999999999999716e+00
5.679999999999999716e+00
5.679999999999999716e+00
5.679999999999999716e+00
5.679999999999999716e+00
5.679999999999999716e+00
5.679999999999999716e+00
5.679999999999999716e+00
5.679999999999999716e+00
5.679999999999999716e+00
5.679999999999999716e+00
6.139999999999999680e+00
6.139999999999999680e+00
6.139999999999999680e+00
6.139999999999999680e+00
6.139999999999999680e+00
6.589999999999999858e+00
6.669999999999999929e+00
6.740000000000000213e+00
6.740000000000000213e+00
6.740000000000000213e+00
6.929999999999999716e+00
7.530000000000000249e+00
7.530000000000000249e+00
7.530000000000000249e+00
7.530000000000000249e+00
7.530000000000000249e+00
7.530000000000000249e+00
7.530000000000000249e+00
7.530000000000000249e+00
7.530000000000000249e+00
7.530000000000000249e+00
7.530000000000000249e+00
7.530000000000000249e+00
7.530000000000000249e+00
7.530000000000000249e+00
7.530000000000000249e+00
7.530000000000000249e+00
7.530000000000000249e+00
7.530000000000000249e+00
7.530000000000000249e+00
7.530000000000000249e+00
7.530000000000000249e+00
7.530000000000000249e+00
7.530000000000000249e+00
7.530000000000000249e+00
7.530000000000000249e+00
7.530000000000000249e+00
7.530000000000000249e+00
7.530000000000000249e+00
7.530000000000000249e+00
7.530000000000000249e+00
7.530000000000000249e+00
7.530000000000000249e+00
7.530000000000000249e+00
7.530000000000000249e+00
7.530000000000000249e+00
7.530000000000000249e+00
7.530000000000000249e+00
7.530000000000000249e+00
7.530000000000000249e+00
7.530000000000000249e+00
7.530000000000000249e+00
7.530000000000000249e+00
7.530000000000000249e+00
7.530000000000000249e+00
7.530000000000000249e+00
7.530000000000000249e+00
7.530000000000000249e+00
7.530000000000000249e+00
7.530000000000000249e+00
7.530000000000000249e+00
7.530000000000000249e+00
7.530000000000000249e+00
7.530000000000000249e+00
7.530000000000000249e+00
7.530000000000000249e+00
7.530000000000000249e+00
7.530000000000000249e+00
7.530000000000000249e+00
7.530000000000000249e+00
7.530000000000000249e+00
7.530000000000000249e+00
7.530000000000000249e+00
7.530000000000000249e+00
7.530000000000000249e+00
7.530000000000000249e+00
7.530000000000000249e+00
7.530000000000000249e+00
7.530000000000000249e+00
7.530000000000000249e+00
7.530000000000000249e+00
7.530000000000000249e+00
7.530000000000000249e+00
7.530000000000000249e+00
7.530000000000000249e+00
7.530000000000000249e+00
7.530000000000000249e+00
7.530000000000000249e+00
7.530000000000000249e+00
7.530000000000000249e+00
7.530000000000000249e+00
7.530000000000000249e+00
7.530000000000000249e+00
7.530000000000000249e+00
7.530000000000000249e+00
7.530000000000000249e+00
7.530000000000000249e+00
7.530000000000000249e+00
7.530000000000000249e+00
7.530000000000000249e+00
7.530000000000000249e+00
7.530000000000000249e+00
7.530000000000000249e+00
7.530000000000000249e+00
7.530000000000000249e+00
7.530000000000000249e+00
7.530000000000000249e+00
7.530000000000000249e+00
7.530000000000000249e+00
7.530000000000000249e+00
7.530000000000000249e+00
7.530000000000000249e+00
7.530000000000000249e+00
7.530000000000000249e+00
7.530000000000000249e+00
7.530000000000000249e+00
7.530000000000000249e+00
7.530000000000000249e+00
7.530000000000000249e+00
7.530000000000000249e+00
7.530000000000000249e+00
7.530000000000000249e+00
7.530000000000000249e+00
7.530000000000000249e+00
7.530000000000000249e+00
7.530000000000000249e+00
7.530000000000000249e+00
7.530000000000000249e+00
7.530000000000000249e+00
7.530000000000000249e+00
7.530000000000000249e+00
7.530000000000000249e+00
7.530000000000000249e+00
7.530000000000000249e+00
7.530000000000000249e+00
7.530000000000000249e+00
7.530000000000000249e+00
7.530000000000000249e+00
7.530000000000000249e+00
7.530000000000000249e+00
7.530000000000000249e+00
7.530000000000000249e+00
7.530000000000000249e+00
7.530000000000000249e+00
7.530000000000000249e+00
7.530000000000000249e+00
7.530000000000000249e+00
7.530000000000000249e+00
7.530000000000000249e+00
7.530000000000000249e+00
7.530000000000000249e+00
7.530000000000000249e+00
7.530000000000000249e+00
7.530000000000000249e+00
7.530000000000000249e+00
7.530000000000000249e+00
7.530000000000000249e+00
7.530000000000000249e+00
7.530000000000000249e+00
7.530000000000000249e+00
7.530000000000000249e+00
7.530000000000000249e+00
7.530000000000000249e+00
7.530000000000000249e+00
7.530000000000000249e+00
7.530000000000000249e+00
7.530000000000000249e+00
7.530000000000000249e+00
7.530000000000000249e+00
7.530000000000000249e+00
7.530000000000000249e+00
7.530000000000000249e+00
7.530000000000000249e+00
7.530000000000000249e+00
7.530000000000000249e+00
7.530000000000000249e+00
7.530000000000000249e+00
7.709999999999999964e+00
7.709999999999999964e+00
7.709999999999999964e+00
7.709999999999999964e+00
7.709999999999999964e+00
7.709999999999999964e+00
7.709999999999999964e+00
7.709999999999999964e+00
7.709999999999999964e+00
7.709999999999999964e+00
7.709999999999999964e+00
7.709999999999999964e+00
7.709999999999999964e+00
7.709999999999999964e+00
7.709999999999999964e+00
7.709999999999999964e+00
7.709999999999999964e+00
7.709999999999999964e+00
7.709999999999999964e+00
7.870000000000000107e+00
7.870000000000000107e+00
7.870000000000000107e+00
7.870000000000000107e+00
8.250000000000000000e+00
8.250000000000000000e+00
8.250000000000000000e+00
8.250000000000000000e+00
8.250000000000000000e+00
8.250000000000000000e+00
8.250000000000000000e+00
8.250000000000000000e+00
8.250000000000000000e+00
8.250000000000000000e+00
8.250000000000000000e+00
8.250000000000000000e+00
8.250000000000000000e+00
8.250000000000000000e+00
8.250000000000000000e+00
8.250000000000000000e+00
8.250000000000000000e+00
8.250000000000000000e+00
8.250000000000000000e+00
8.250000000000000000e+00
8.250000000000000000e+00
8.250000000000000000e+00
8.250000000000000000e+00
8.250000000000000000e+00
8.250000000000000000e+00
8.250000000000000000e+00
8.250000000000000000e+00
8.250000000000000000e+00
8.250000000000000000e+00
8.250000000000000000e+00
8.250000000000000000e+00
8.250000000000000000e+00
8.250000000000000000e+00
8.250000000000000000e+00
8.250000000000000000e+00
8.250000000000000000e+00
8.250000000000000000e+00
8.250000000000000000e+00
8.250000000000000000e+00
8.250000000000000000e+00
8.250000000000000000e+00
8.250000000000000000e+00
8.250000000000000000e+00
8.250000000000000000e+00
8.250000000000000000e+00
8.250000000000000000e+00
8.250000000000000000e+00
8.250000000000000000e+00
8.250000000000000000e+00
8.250000000000000000e+00
8.250000000000000000e+00
8.250000000000000000e+00
8.250000000000000000e+00
8.250000000000000000e+00
8.250000000000000000e+00
8.250000000000000000e+00
8.250000000000000000e+00
8.250000000000000000e+00
8.250000000000000000e+00
8.250000000000000000e+00
8.250000000000000000e+00
8.250000000000000000e+00
8.250000000000000000e+00
8.250000000000000000e+00
8.250000000000000000e+00
8.250000000000000000e+00
8.250000000000000000e+00
8.250000000000000000e+00
8.250000000000000000e+00
8.250000000000000000e+00
8.250000000000000000e+00
8.250000000000000000e+00
8.250000000000000000e+00
8.250000000000000000e+00
8.250000000000000000e+00
8.250000000000000000e+00
8.250000000000000000e+00
8.250000000000000000e+00
8.250000000000000000e+00
8.250000000000000000e+00
8.250000000000000000e+00
8.250000000000000000e+00
8.250000000000000000e+00
8.250000000000000000e+00
8.250000000000000000e+00
8.250000000000000000e+00
8.250000000000000000e+00
8.250000000000000000e+00
8.250000000000000000e+00
8.250000000000000000e+00
8.250000000000000000e+00
8.250000000000000000e+00
8.250000000000000000e+00
8.250000000000000000e+00
8.250000000000000000e+00
8.250000000000000000e+00
8.250000000000000000e+00
8.250000000000000000e+00
8.250000000000000000e+00
8.250000000000000000e+00
8.250000000000000000e+00
8.250000000000000000e+00
8.250000000000000000e+00
8.250000000000000000e+00
8.250000000000000000e+00
8.250000000000000000e+00
8.250000000000000000e+00
8.250000000000000000e+00
8.250000000000000000e+00
8.250000000000000000e+00
8.250000000000000000e+00
8.250000000000000000e+00
8.250000000000000000e+00
8.250000000000000000e+00
8.250000000000000000e+00
8.250000000000000000e+00
8.250000000000000000e+00
8.250000000000000000e+00
8.250000000000000000e+00
8.250000000000000000e+00
8.250000000000000000e+00
8.250000000000000000e+00
8.250000000000000000e+00
8.250000000000000000e+00
8.250000000000000000e+00
8.250000000000000000e+00
8.250000000000000000e+00
8.250000000000000000e+00
8.250000000000000000e+00
8.250000000000000000e+00
8.250000000000000000e+00
8.250000000000000000e+00
8.250000000000000000e+00
8.250000000000000000e+00
8.250000000000000000e+00
8.250000000000000000e+00
8.250000000000000000e+00
8.250000000000000000e+00
8.250000000000000000e+00
8.250000000000000000e+00
8.250000000000000000e+00
8.250000000000000000e+00
8.250000000000000000e+00
8.250000000000000000e+00
8.250000000000000000e+00
8.250000000000000000e+00
8.250000000000000000e+00
8.250000000000000000e+00
8.250000000000000000e+00
8.250000000000000000e+00
8.250000000000000000e+00
8.250000000000000000e+00
8.250000000000000000e+00
8.250000000000000000e+00
8.250000000000000000e+00
8.250000000000000000e+00
8.250000000000000000e+00
8.250000000000000000e+00
8.250000000000000000e+00
8.250000000000000000e+00
8.250000000000000000e+00
8.250000000000000000e+00
8.250000000000000000e+00
8.250000000000000000e+00
8.250000000000000000e+00
8.250000000000000000e+00
8.250000000000000000e+00
8.250000000000000000e+00
8.250000000000000000e+00
8.250000000000000000e+00
8.250000000000000000e+00
8.250000000000000000e+00
8.250000000000000000e+00
8.250000000000000000e+00
8.250000000000000000e+00
8.250000000000000000e+00
8.250000000000000000e+00
8.250000000000000000e+00
8.250000000000000000e+00
8.250000000000000000e+00
8.250000000000000000e+00
8.250000000000000000e+00
8.250000000000000000e+00
8.250000000000000000e+00
8.250000000000000000e+00
8.250000000000000000e+00
8.250000000000000000e+00
8.250000000000000000e+00
8.250000000000000000e+00
8.250000000000000000e+00
8.250000000000000000e+00
8.250000000000000000e+00
8.250000000000000000e+00
8.250000000000000000e+00
8.250000000000000000e+00
8.250000000000000000e+00
8.250000000000000000e+00
8.250000000000000000e+00
8.250000000000000000e+00
8.250000000000000000e+00
8.250000000000000000e+00
8.250000000000000000e+00
8.250000000000000000e+00
8.250000000000000000e+00
8.250000000000000000e+00
8.250000000000000000e+00
8.250000000000000000e+00
8.250000000000000000e+00
8.250000000000000000e+00
8.250000000000000000e+00
8.250000000000000000e+00
8.250000000000000000e+00
8.250000000000000000e+00
8.250000000000000000e+00
8.250000000000000000e+00
8.250000000000000000e+00
8.250000000000000000e+00
8.250000000000000000e+00
8.250000000000000000e+00
8.250000000000000000e+00
8.250000000000000000e+00
8.250000000000000000e+00
8.250000000000000000e+00
8.250000000000000000e+00
8.250000000000000000e+00
8.250000000000000000e+00
8.250000000000000000e+00
8.250000000000000000e+00
8.250000000000000000e+00
8.250000000000000000e+00
8.250000000000000000e+00
8.250000000000000000e+00
8.250000000000000000e+00
8.250000000000000000e+00
8.250000000000000000e+00
8.250000000000000000e+00
8.250000000000000000e+00
8.250000000000000000e+00
8.250000000000000000e+00
8.250000000000000000e+00
8.250000000000000000e+00
8.250000000000000000e+00
8.250000000000000000e+00
8.250000000000000000e+00
8.250000000000000000e+00
8.250000000000000000e+00
8.250000000000000000e+00
8.250000000000000000e+00
8.250000000000000000e+00
8.250000000000000000e+00
8.250000000000000000e+00
8.250000000000000000e+00
8.250000000000000000e+00
8.250000000000000000e+00
8.250000000000000000e+00
8.250000000000000000e+00
8.250000000000000000e+00
8.250000000000000000e+00
8.250000000000000000e+00
8.250000000000000000e+00
8.250000000000000000e+00
8.250000000000000000e+00
8.250000000000000000e+00
8.250000000000000000e+00
8.250000000000000000e+00
8.250000000000000000e+00
8.250000000000000000e+00
8.250000000000000000e+00
8.250000000000000000e+00
8.250000000000000000e+00
8.250000000000000000e+00
8.250000000000000000e+00
8.250000000000000000e+00
8.250000000000000000e+00
8.250000000000000000e+00
8.250000000000000000e+00
8.250000000000000000e+00
8.250000000000000000e+00
8.250000000000000000e+00
8.250000000000000000e+00
8.250000000000000000e+00
8.250000000000000000e+00
